#Om      s8       SN1      SN2      BHFF
0.280526 0.801614 0.911521 0.618782 0.564666
0.280408 0.858076 3.370519 0.558723 0.904624
0.315953 0.821230 0.796050 1.660531 1.086337
0.342198 0.879162 1.885654 0.910584 3.069830
0.296664 0.801792 0.354756 1.239049 0.319258
0.309393 0.865792 0.599006 1.093805 0.378969
0.345246 0.788423 2.239212 0.812529 2.578274
0.333991 0.844654 0.331514 1.782481 1.821151
0.288148 0.807808 1.008783 0.606337 0.535072
0.293414 0.883898 0.283707 0.728723 1.277023
0.327947 0.799798 1.207749 1.070953 0.767456
0.349202 0.849339 0.505731 0.706120 0.271583
0.304659 0.832709 2.702727 1.900794 3.618465
0.302706 0.835706 1.596611 1.425768 2.140280
0.336933 0.819076 0.429423 0.523992 0.455284
0.320688 0.870318 2.877145 1.381653 0.644564
0.276451 0.786218 0.950641 0.929932 1.515875
0.277285 0.872486 1.320236 1.740121 0.347313
0.321574 0.781505 0.259379 0.646404 3.336494
0.335319 0.837862 2.457625 1.166725 1.181701
0.301039 0.814403 0.555835 0.793858 0.983284
0.308767 0.851494 0.464601 0.851293 0.585352
0.353374 0.828036 1.476357 1.264870 1.991097
0.324619 0.886067 0.874293 0.570825 2.820309
0.290022 0.795085 3.129736 1.553261 0.414371
0.284035 0.842618 0.724414 1.348933 3.933169
0.329824 0.812389 3.707287 0.991298 0.295426
0.348579 0.863716 0.388094 1.521205 0.834125
0.312780 0.793017 1.725283 0.511822 1.389261
0.295835 0.877086 2.058146 0.660086 1.657486
0.341306 0.806386 0.651205 1.940568 0.705082
0.317561 0.856039 1.090769 0.744317 0.497778
0.282080 0.825811 0.306362 1.002024 2.341414
0.283343 0.880284 0.529075 1.580305 0.502355
0.318799 0.802410 2.827489 0.587088 1.708531
0.340054 0.860856 0.296006 1.287763 2.413927
0.294588 0.823459 1.260112 0.876139 0.354595
0.311547 0.847487 3.006980 0.773436 0.299642
0.347312 0.810091 0.993543 1.149090 2.878955
0.331067 0.866862 1.664114 0.630202 1.016725
0.285292 0.788988 0.447580 1.714980 0.846172
0.291338 0.848718 1.970870 1.030572 1.418393
0.325803 0.831590 0.370789 0.757277 0.603484
0.352048 0.881672 3.513389 1.997205 0.427133
0.307593 0.797015 0.829795 0.672033 2.009434
0.299850 0.868039 0.346853 0.504085 3.384696
0.334008 0.783382 1.055463 1.482073 0.254183
0.322753 0.835138 0.625015 0.976976 0.719745
0.278605 0.818010 2.336445 1.315123 1.198571
0.275218 0.840589 0.405598 0.615226 0.387822
0.319420 0.816791 1.803092 1.828306 2.638105
0.338175 0.873450 0.755055 0.824999 1.868778
0.303964 0.782176 3.864089 1.122685 0.548962
0.305921 0.887083 1.141150 1.203912 0.920616
0.350440 0.795809 0.320512 0.894396 1.105708
0.326695 0.854168 2.147343 1.614533 3.132515
0.292166 0.830371 0.679425 0.549162 0.325838
0.286959 0.861332 2.571307 0.953839 2.195831
0.332680 0.790287 0.581544 1.401907 0.467193
0.346425 0.841944 1.377600 0.537828 0.659524
0.310714 0.811428 0.270648 1.447649 1.551274
0.297979 0.855313 0.913820 1.867002 1.303349
0.343382 0.824797 3.271227 0.686096 0.783122
0.314627 0.874754 0.484283 1.052626 0.276425
0.279234 0.803709 1.538896 0.708537 3.682454
0.279922 0.867043 0.438546 1.387402 1.738021
0.314095 0.789690 1.561395 0.943773 0.511349
0.342840 0.845942 0.929694 1.463063 0.362153
0.298677 0.809065 2.938318 0.543438 2.460691
0.311246 0.859363 1.234885 0.678850 2.949534
0.345736 0.822487 0.277782 1.847680 0.306353
0.331981 0.880413 2.646233 0.715933 0.868019
0.287502 0.803059 0.517081 1.063836 1.043810
0.291634 0.834429 2.192226 1.809087 0.615174
0.327384 0.817836 0.612399 0.608835 1.448621
0.351139 0.869057 1.031362 1.134444 2.045413
0.305379 0.784935 0.324563 0.833747 0.434507
0.303275 0.882637 0.778706 0.885102 0.260955
0.338707 0.798515 3.443053 1.191248 3.472087
0.319962 0.848061 0.362384 0.554987 1.225414
0.274520 0.831469 1.844528 1.631456 0.737389
0.278044 0.852762 0.665824 0.765862 2.706321
0.323471 0.829286 2.015137 1.042032 0.398138
0.334716 0.887324 0.299965 0.664626 0.562445
0.299299 0.796372 1.115281 1.974780 1.910545
0.306875 0.873744 3.786092 1.498550 1.129325
0.352610 0.782792 0.708449 0.509796 0.938409
0.326355 0.839129 1.687220 1.300360 0.331476
0.290630 0.815654 0.396337 0.966215 3.188473
0.286010 0.875844 1.444150 0.593641 0.477635
0.330505 0.805110 0.474588 1.598153 2.249761
0.346760 0.854755 3.197071 0.866338 1.592539
0.312255 0.824550 0.855240 1.273516 0.676579
0.295149 0.841334 0.253942 1.162059 0.797113
0.339336 0.811129 1.349794 0.782068 1.325900
0.318091 0.862475 0.568265 1.696020 3.753623
0.283894 0.791740 2.406068 0.623154 0.282329
0.282622 0.845377 1.077880 0.981043 1.065375
0.316863 0.807996 0.339203 1.334693 0.885409
0.340618 0.864761 2.284955 0.517270 0.313550
0.296367 0.786857 0.638304 1.537076 3.016592
0.313479 0.878183 0.379119 1.920078 2.512328
0.348036 0.800279 1.929719 0.653253 0.369541
0.329291 0.858745 0.812449 1.012482 0.523550
0.284724 0.821364 3.592255 0.752246 1.778099
0.289324 0.870123 0.972691 0.639608 0.754145
0.325161 0.785503 3.074216 1.722048 1.254189
0.353906 0.837265 0.457596 0.802174 3.541610
0.308078 0.820115 1.629227 1.179095 0.266343
0.300498 0.850845 2.765885 1.251723 0.444522
0.336017 0.833695 0.540462 0.842340 2.094196
0.322263 0.883756 1.287204 1.569741 1.478159
0.276753 0.799136 0.289551 0.576806 0.628077
0.275744 0.884989 3.344676 1.083092 3.264517
0.321239 0.793697 0.894723 0.736829 0.339116
0.337494 0.852038 1.506771 1.879849 0.958090
0.301989 0.828269 0.495165 0.698190 1.152352
0.304107 0.838458 0.593907 0.529817 1.955408
0.349910 0.814690 2.514630 1.441924 0.575226
0.328665 0.871356 0.264678 0.919495 0.406359
0.292852 0.780064 1.406852 1.366432 2.760512
0.288700 0.857433 0.313521 1.679072 0.288089
0.333282 0.826882 1.165679 0.565032 3.832389
0.344528 0.876858 0.694045 1.225186 1.356475
0.309955 0.805837 2.100546 0.900512 0.816132
0.297371 0.863436 1.765301 0.821701 0.690134
0.341646 0.792415 0.414677 1.106009 1.625442
0.315391 0.844064 3.950509 0.599632 2.300909
0.281126 0.813514 0.739212 1.762551 0.488856
0.281315 0.882078 1.714802 0.702734 2.439423
0.315824 0.797452 0.398477 1.915111 0.366428
0.342069 0.849154 3.806454 0.726157 0.518789
0.297569 0.831998 0.720015 1.077663 1.727673
0.309835 0.835574 0.301629 1.375201 1.027488
0.344026 0.818418 1.133678 0.936817 0.874388
0.332772 0.868446 0.676821 1.421168 0.309437
0.288590 0.783819 2.026354 0.527119 2.911280
0.293363 0.860423 0.559231 0.916163 0.431917
0.328776 0.823049 2.393598 1.234830 2.075139
0.350031 0.879874 0.252621 0.562961 1.465701
0.304608 0.801976 1.328305 1.652515 0.609855
0.301566 0.866452 3.178840 1.793325 0.727815
0.337296 0.788555 0.841203 0.604298 1.237746
0.321050 0.847054 1.420477 1.101869 3.497541
0.275311 0.809680 0.471891 0.808778 0.256870
0.276944 0.842380 2.603959 1.509704 1.888420
0.322698 0.811836 0.514361 0.514331 0.567298
0.336443 0.861739 1.228363 1.340648 0.400487
0.300698 0.790724 0.273338 0.994716 2.667751
0.307956 0.875160 0.924621 0.738909 3.165499
0.353403 0.804145 2.890805 1.006640 0.336715
0.324648 0.855749 0.431463 0.656115 0.950663
0.289211 0.825205 1.552907 1.947013 1.118155
0.285237 0.873041 0.368213 1.170810 0.666939
0.329404 0.781742 1.854010 0.788956 1.601961
0.348159 0.840156 0.782693 1.748414 2.269209
0.313982 0.816380 3.498363 0.641592 0.472106
0.295942 0.853736 1.037173 0.572703 0.279541
0.340417 0.829960 0.329946 1.543999 3.802665
0.316672 0.886673 2.228630 0.855313 1.346864
0.282187 0.795375 0.615862 1.255506 0.791380
0.283390 0.849746 0.263241 1.987628 2.970580
0.317968 0.833146 1.384142 0.677095 0.315934
0.339223 0.884334 0.584307 1.026943 0.894561
0.294636 0.800205 2.500924 0.762021 1.051971
0.312691 0.870755 1.482659 0.972414 1.762304
0.346951 0.786625 0.492547 1.324860 0.529491
0.330705 0.836113 3.327060 0.502459 0.374747
0.286436 0.819513 0.880424 1.490917 2.496758
0.290429 0.878728 3.972837 1.295653 0.262993
0.325930 0.801381 0.751485 0.873155 3.578270
0.352175 0.857666 1.794571 1.592292 1.263746
0.306684 0.820796 0.417012 0.584253 0.742647
0.299412 0.844244 0.705198 0.634037 0.624195
0.335229 0.807374 2.111307 1.709212 1.498992
0.323975 0.865360 0.315134 0.779138 2.117966
0.278167 0.788013 1.184434 1.143785 0.440579
0.274020 0.864153 0.816975 0.533761 1.143552
0.319842 0.793425 3.651601 1.454747 0.973018
0.338597 0.843024 0.385375 0.947981 0.343469
0.302764 0.812826 1.940426 1.406742 3.230831
0.305812 0.856446 2.322251 1.044978 2.729326
0.351327 0.826248 0.641735 0.711800 0.410035
0.327582 0.877522 1.083696 1.855770 0.578859
0.292057 0.806794 0.344747 0.688374 1.928087
0.287303 0.837451 1.279882 0.827887 0.807705
0.331558 0.813969 0.284803 1.115754 1.373862
0.345303 0.872053 2.720469 0.618158 3.892042
0.311058 0.781095 0.537377 1.814695 0.285887
0.298788 0.885633 0.450314 1.619844 0.482018
0.343351 0.794674 1.620760 0.545887 2.315430
0.314596 0.851084 0.967656 1.209598 1.640132
0.280043 0.827602 3.025360 0.887775 0.682326
0.279345 0.836828 0.860465 1.127571 0.323789
0.315138 0.819707 3.113780 0.836552 3.050502
0.343883 0.869717 0.462222 1.795867 1.076577
0.298100 0.785066 1.452977 0.611665 0.914979
0.310516 0.883349 2.443816 0.551602 0.540639
0.346002 0.798699 0.546758 1.637013 1.798111
0.332247 0.850408 1.298704 0.878448 2.538776
0.286770 0.833288 0.257927 1.197038 0.381878
0.292599 0.865171 1.108506 1.469910 3.659949
0.326884 0.787291 0.307990 0.539438 0.269145
0.350638 0.845809 2.069041 1.391907 0.762627
0.306344 0.808406 0.661781 0.938185 1.295164
0.303462 0.859178 0.390213 0.719375 1.527514
0.338055 0.821775 1.753593 1.055872 0.634699
0.319310 0.878593 0.736316 0.681255 0.449532
0.274708 0.800713 3.727608 1.836195 2.162564
0.278718 0.876451 0.336875 0.863507 0.989437
0.323267 0.805399 1.014054 1.281169 1.165259
0.334512 0.856997 0.602123 0.590844 3.298987
0.299973 0.826475 2.275376 1.610055 0.350433
0.307392 0.843628 1.896439 1.690119 0.419642
0.351623 0.813106 0.360670 0.627032 2.791512
0.325368 0.863029 3.426782 1.156535 1.976113
0.291147 0.791978 0.800619 0.787926 0.594406
0.285727 0.852471 2.830940 0.669498 1.401723
0.331258 0.828680 0.945560 1.965747 0.824745
0.347512 0.885399 1.588045 0.770489 0.291314
0.311973 0.794131 0.422518 1.038572 3.957714
0.294084 0.871766 0.502928 1.310279 2.377617
0.339931 0.780498 2.658799 0.961510 0.494024
0.318686 0.838891 0.279101 1.507796 0.697873
0.282829 0.815100 1.201083 0.508039 1.678565
0.281655 0.868621 2.159661 0.797315 0.358145
0.317360 0.784527 0.690764 1.183061 2.382760
0.341115 0.834022 1.160170 0.634933 1.681909
0.295400 0.817399 0.322343 1.730054 0.506011
0.313293 0.847655 0.767252 1.560166 0.858388
0.348691 0.831031 3.884214 0.578771 1.010782
0.329947 0.882201 0.407719 1.242312 2.854392
0.284538 0.798107 1.832259 0.846434 0.303146
0.289899 0.846352 0.481613 0.519691 2.024029
0.324115 0.809499 1.513926 1.525763 0.420476
0.352861 0.867477 0.898974 0.984229 0.595688
0.308654 0.790101 3.253123 1.326791 1.432567
0.301230 0.880846 1.355440 1.017350 1.212580
0.335755 0.803470 0.269194 0.746615 0.713592
0.322000 0.859773 2.557549 1.926883 0.252694
0.277485 0.822921 0.572202 0.649192 3.433545
0.276028 0.854349 1.654788 1.221182 0.556187
0.320489 0.824113 0.440277 0.905924 1.850109
0.336744 0.875408 2.957858 1.671161 2.618829
0.302273 0.804702 0.987954 0.569240 0.393991
0.305170 0.862039 0.291320 0.597546 0.327783
0.349313 0.791333 1.253669 1.773517 3.087653
0.328067 0.840927 0.526381 0.817795 1.092829
0.293915 0.810692 2.782789 1.114293 0.928623
0.288028 0.887757 0.628443 1.893628 1.575979
0.333490 0.796782 2.374843 0.694996 0.654709
0.344735 0.853172 0.352546 1.089635 0.462528
0.309283 0.829720 1.061231 0.734382 2.224765
0.296852 0.839539 3.570432 0.926509 3.714501
0.342630 0.816087 0.834184 1.359778 0.273209
0.316376 0.874177 1.981337 0.533085 0.771920
0.280607 0.783203 0.376817 1.436953 1.311138
0.280844 0.874403 0.687583 0.847968 2.899194
0.316296 0.783135 2.173096 1.246410 0.308211
0.342551 0.839841 0.323483 0.580997 0.873135
0.297089 0.816049 1.151714 1.564240 1.026169
0.309046 0.853210 3.912443 1.732813 1.730164
0.344814 0.829418 0.764510 0.636728 0.519440
0.333569 0.887825 1.820719 1.187364 0.367945
0.287791 0.796556 0.409567 0.799029 2.449154
0.293835 0.840991 1.525025 0.650260 0.256543
0.328305 0.810469 0.479921 1.932252 3.492569
0.349550 0.862080 3.232977 0.749357 1.232851
0.305090 0.791029 0.903142 1.019492 0.724800
0.302354 0.875712 0.267983 1.329134 0.612293
0.336506 0.804661 1.364016 0.987509 1.471784
0.320251 0.854571 0.574261 1.531569 2.077767
0.276109 0.824050 2.539069 0.521074 0.432545
0.277718 0.860128 0.443772 1.109910 1.122604
0.321924 0.822724 1.649941 0.815783 0.954630
0.335679 0.881230 0.982425 1.770119 0.337148
0.301463 0.803349 2.973310 0.595671 3.170034
0.308421 0.867598 1.247061 0.567262 2.664412
0.352936 0.789717 0.292944 1.667393 0.399909
0.324191 0.846548 2.790640 0.904614 0.565042
0.289667 0.809144 0.522186 1.217615 1.880641
0.284464 0.882400 2.362476 1.432025 0.792507
0.330179 0.797750 0.631986 0.531865 1.348584
0.348924 0.847771 1.064337 1.357865 3.818486
0.313219 0.830651 0.349774 0.923756 0.280650
0.295475 0.834402 0.840893 0.731457 0.470156
0.340883 0.817282 3.560351 1.086998 2.260162
0.317128 0.868978 0.374732 0.693640 1.599631
0.281730 0.784328 1.991814 1.887771 0.666098
0.282909 0.838801 3.097302 1.199210 2.499913
0.318449 0.815349 0.865243 0.881344 0.375293
0.339694 0.871752 1.457107 1.643303 0.531610
0.294164 0.780776 0.458549 0.553044 1.769612
0.311893 0.885121 0.551109 0.612642 1.047813
0.347749 0.794145 2.436710 1.800939 0.890854
0.331495 0.852223 0.256478 0.839593 0.315531
0.285648 0.828770 1.305461 1.129999 2.966361
0.290909 0.862777 0.310460 1.839209 0.442402
0.325448 0.792072 1.105353 0.683156 2.126422
0.351703 0.843352 0.658133 1.059753 1.501160
0.307154 0.813118 2.080026 0.720889 0.624976
0.300211 0.856985 1.744498 0.939839 0.741584
0.334432 0.826750 0.392422 1.396550 1.262121
0.323187 0.876357 3.738440 0.541492 3.563407
0.278956 0.805652 0.730511 1.473820 0.261951
0.274783 0.878420 1.021402 0.784824 1.925290
0.319077 0.801044 0.335664 1.153693 0.578127
0.337822 0.859036 2.261094 0.625832 0.408339
0.303538 0.822182 0.604864 1.684812 2.718454
0.306269 0.845403 0.359017 1.604455 3.244266
0.350871 0.808549 1.908277 0.589514 0.344832
0.327116 0.864840 0.803432 1.279320 0.974404
0.292524 0.787464 3.401734 0.860982 1.145010
0.286538 0.850080 0.941285 0.506298 0.679616
0.332322 0.833458 2.848792 1.504341 1.633371
0.346076 0.882938 0.424048 0.960155 2.312525
0.310283 0.798846 1.576603 1.306389 0.481323
0.298332 0.869570 2.678348 1.034438 0.286255
0.343808 0.785477 0.501173 0.768622 3.897624
0.315063 0.836658 1.193620 1.961906 1.379332
0.279577 0.820036 0.280390 0.667429 0.811073
0.280119 0.851099 1.395116 1.488788 0.385552
0.314365 0.827324 0.262472 0.500956 2.562719
0.343119 0.885723 2.486909 1.320288 1.810470
0.298864 0.794426 0.587364 0.970167 0.544273
0.310981 0.872302 0.489957 0.760519 0.908727
0.345535 0.781004 1.490904 1.023745 1.069421
0.331790 0.837729 0.882919 0.674384 3.021515
0.287227 0.813955 3.300505 1.982775 0.320761
0.291826 0.877797 0.747581 1.141569 2.177076
0.327658 0.806782 3.995184 0.776677 0.452616
0.351403 0.856699 0.418238 1.702454 0.640679
0.305581 0.826154 1.780436 0.632464 1.542196
0.302996 0.843119 2.128272 0.583396 1.283040
0.338521 0.812574 0.703212 1.587606 0.755373
0.319766 0.864165 1.177871 0.870103 0.267353
0.274250 0.793149 0.316803 1.292705 3.634897
0.278247 0.865503 3.634737 0.690888 0.588853
0.323739 0.787606 0.822068 1.859638 1.957274
0.334994 0.844417 1.947259 0.712956 2.772870
0.299493 0.807043 0.382571 1.047868 0.416779
0.306603 0.857997 0.646404 1.412065 0.352778
0.352411 0.820623 2.313932 0.950484 3.321700
0.326166 0.879135 0.342579 1.457287 1.176262
0.290348 0.801238 1.088597 0.535529 0.998925
0.286199 0.836524 0.286893 0.891170 1.667127
0.330787 0.819366 1.275377 1.212732 0.693219
0.347032 0.871083 0.534053 0.546864 0.489320
0.312454 0.786455 2.733062 1.625153 2.355432
0.294872 0.884504 1.613446 1.821260 3.995712
0.339142 0.799877 0.453170 0.619475 0.294068
0.317887 0.849893 3.036205 1.117509 0.830431
0.283627 0.832735 0.960676 0.830210 1.411114
0.282418 0.886371 0.401368 0.526365 0.301128
0.316595 0.795413 1.708622 1.416919 2.834844
0.340340 0.853510 0.715501 0.933586 1.001316
0.296173 0.830028 3.823751 1.372021 0.850226
0.313751 0.840088 1.128467 1.075535 0.510778
0.348236 0.816606 0.303515 0.723898 1.698079
0.329481 0.873002 2.033446 1.907447 2.398754
0.285005 0.782044 0.671882 0.701016 0.360602
0.289135 0.855708 2.382745 0.807212 3.400929
0.324879 0.825509 0.562765 1.098385 0.250329
0.353634 0.875096 1.333095 0.601907 0.708713
0.307880 0.804367 0.250804 1.788881 1.204524
0.300774 0.861517 0.847395 1.650093 1.442411
0.336212 0.790788 3.167719 0.561303 0.599694
0.322467 0.842075 0.468963 1.230511 0.424523
0.277020 0.811876 1.427022 0.914081 2.043115
0.275547 0.846669 0.511646 1.954127 0.935022
0.320970 0.809800 2.618385 0.657481 1.100154
0.337214 0.866097 0.274119 1.008272 3.117307
0.301802 0.788751 1.218585 0.740955 0.330881
0.304372 0.879677 2.913786 0.998483 0.390241
0.350112 0.802331 0.921940 1.344185 2.594389
0.328857 0.860302 1.544172 0.515228 1.837499
0.293127 0.823433 0.433712 1.514709 0.552479
0.288508 0.868329 1.868868 1.260304 1.323514
0.333008 0.784199 0.367168 0.857532 0.779324
0.344263 0.835375 3.479052 1.546767 0.275038
0.309753 0.818775 0.786854 0.574578 3.740062
0.297651 0.848797 0.328239 0.643911 2.209912
0.341833 0.832197 1.043029 1.752143 0.459371
0.315588 0.881698 0.617660 0.790200 0.648592
0.281396 0.797568 2.211029 1.174091 1.560958
0.280894 0.843760 0.340661 0.753829 0.537194
0.315466 0.813554 1.070842 1.016203 1.828729
0.341721 0.863214 0.635847 0.655075 2.581569
0.297139 0.792478 2.300927 1.923230 0.379509
0.310187 0.876794 1.916425 1.541165 0.318855
0.344453 0.806059 0.380613 0.519240 3.065367
0.333208 0.857392 3.616210 1.339145 1.082007
0.288932 0.827187 0.809067 0.982774 0.900886
0.292927 0.871318 3.052844 0.578314 1.518046
0.328432 0.780366 0.976460 1.575773 0.645393
0.349678 0.838390 1.639918 0.845117 0.457184
0.304182 0.814916 0.455643 1.253994 2.148796
0.301913 0.851812 0.542727 1.181633 3.603557
0.337727 0.828337 2.747533 0.805090 0.270504
0.321472 0.884687 0.288418 1.726912 0.766347
0.275668 0.793736 1.296119 0.640629 1.275424
0.276515 0.883376 0.887989 1.362375 0.412654
0.322343 0.799252 3.355604 0.918199 2.809154
0.336098 0.850487 0.498126 1.438621 1.988265
0.300260 0.833894 1.499433 0.528001 0.584607
0.308316 0.837066 2.527070 0.696032 0.984714
0.353826 0.820472 0.590421 1.876176 1.183197
0.325081 0.870007 1.402404 0.735043 3.350338
0.289561 0.785883 0.266716 1.078781 0.348702
0.284803 0.858625 1.171371 1.757016 2.338409
0.329054 0.821749 0.311661 0.598485 0.497064
0.347799 0.877987 2.093683 1.103291 0.702287
0.313558 0.800634 0.699316 0.818467 1.650606
0.296287 0.864406 0.411513 0.897880 1.394804
0.340855 0.787054 1.770881 1.223417 0.837578
0.317100 0.844992 0.743585 0.563760 0.295797
0.282542 0.808116 3.931020 1.673233 3.938844
0.283819 0.862487 1.569153 1.066077 0.844952
0.318323 0.791465 0.435980 0.718563 1.015450
0.339568 0.841428 2.928966 1.852828 2.867089
0.295074 0.810876 0.936834 0.679966 0.298452
0.312330 0.855008 0.275685 0.544885 0.356074
0.346527 0.824456 1.238894 1.468631 2.423538
0.330272 0.876120 0.520184 0.946918 1.710982
0.286085 0.805098 2.633401 1.389852 0.503000
0.290863 0.839407 0.607738 1.635717 1.193796
0.326280 0.815639 2.199202 0.557121 0.716770
0.352535 0.873993 0.326477 1.195177 0.253862
0.307108 0.782701 1.026252 0.886706 3.379783
0.299066 0.887414 3.459793 0.835540 2.011994
0.334791 0.796123 0.774070 1.138571 0.427742
0.323546 0.852776 1.838541 0.610556 0.605879
0.277811 0.829008 0.365144 1.811972 1.424290
0.274440 0.848208 2.001297 0.963344 0.326246
0.320200 0.831058 0.668460 1.298530 3.137042
0.338945 0.882807 1.122695 0.508630 1.110122
0.303195 0.798186 0.298710 1.493411 0.924426
0.305459 0.869385 0.711477 1.968672 0.546787
0.350901 0.784764 3.761290 0.663330 1.861014
0.327146 0.834839 0.394819 1.039511 2.634710
0.291714 0.817689 1.699049 0.762812 0.387267
0.287738 0.880819 0.476586 0.621199 3.697729
0.331901 0.802916 1.434599 1.692770 0.277531
0.345656 0.859694 0.851876 0.780144 0.784263
0.311484 0.822314 3.219146 1.157488 1.304997
0.298440 0.846114 1.340381 1.269796 1.549072
0.342920 0.808734 0.254921 0.865085 0.658683
0.314175 0.867186 2.421908 1.594550 0.465257
0.279685 0.789284 0.565852 0.591578 2.187152
0.279153 0.874659 2.806170 1.710730 1.034071
0.314863 0.803961 0.530810 0.627709 0.859753
0.343618 0.855301 1.267630 1.145457 0.304310
0.297898 0.825073 0.294568 0.771939 2.929437
0.310796 0.841668 0.998466 0.874148 2.477178
0.346188 0.811440 2.989305 1.283258 0.364649
0.332443 0.861079 0.446168 0.585358 0.516183
0.287040 0.790381 1.676916 1.577989 1.754708
0.292402 0.853920 0.372603 1.312082 0.732358
0.326614 0.830461 1.959161 0.973606 1.217229
0.350359 0.886805 0.827090 1.477642 3.438985
0.306157 0.795823 3.540044 0.503364 0.258517
0.303727 0.873436 1.047394 0.670391 0.438673
0.338256 0.782454 0.347954 1.989212 2.064726
0.319501 0.840499 2.350235 0.754921 1.458594
0.274983 0.817040 0.621939 1.028537 0.619290
0.278529 0.834968 1.810824 0.550960 3.219118
0.322985 0.818339 0.402953 1.617427 0.334599
0.334239 0.867892 3.849184 0.896716 0.944848
0.299774 0.783792 0.760339 1.208513 1.136902
0.307669 0.881261 0.318308 1.125831 1.897466
0.351817 0.797162 1.145630 0.826298 0.558700
0.325572 0.848389 0.683965 1.832205 0.394351
0.291414 0.831760 2.138378 0.617450 2.680985
0.285524 0.866531 0.577509 0.710498 0.284227
0.330990 0.789161 2.581237 1.054333 3.779425
0.347235 0.847081 0.272428 0.687524 1.338406
0.311779 0.810234 1.371703 1.873824 0.804781
0.294356 0.860713 3.284908 1.452448 0.670251
0.340130 0.823866 0.907764 0.538765 1.577408
0.318875 0.880111 1.532863 1.405606 2.234807
0.283111 0.802741 0.487641 0.957451 0.474371
0.281844 0.856262 0.790593 0.604833 1.790336
0.317642 0.825747 3.383821 1.775433 0.527054
0.341388 0.877390 0.357119 0.809962 0.373085
0.295599 0.806346 1.877741 1.091685 2.536043
0.313017 0.863757 2.248767 1.236231 2.987843
0.348497 0.792713 0.595086 0.907401 0.310620
0.329742 0.842682 1.004913 1.655644 0.879365
0.284271 0.812167 0.333841 0.557903 1.058264
0.290103 0.886134 1.212826 0.927784 0.634013
0.324383 0.794859 0.281832 1.376884 1.492354
0.353138 0.851532 2.692074 0.522424 2.108231
0.308848 0.827734 0.509227 1.423732 0.447585
0.300958 0.838164 0.426434 1.896152 0.264568
0.335555 0.814365 1.602743 0.703292 3.517469
0.321810 0.872713 0.956912 1.067619 1.242483
0.277204 0.781437 2.864889 0.727286 0.746967
0.276220 0.870675 0.260670 1.558351 2.742169
0.320763 0.786019 1.312503 0.571847 0.403581
0.337009 0.836087 0.554070 1.268147 0.569845
0.302475 0.818960 2.476480 0.854549 1.936832
0.304890 0.849455 1.465194 0.796084 1.163217
0.349126 0.832329 0.466115 1.168560 0.967311
0.327871 0.884097 3.148475 0.647781 0.341396
0.293645 0.799441 0.870064 1.746416 3.286948
0.288225 0.844851 3.679023 1.004796 0.484207
0.333759 0.807454 0.726728 0.745526 2.279363
0.345014 0.865913 1.735430 1.944612 1.614311
0.309470 0.788039 0.386177 0.662496 0.685540
0.296587 0.879546 0.654376 0.513517 0.821730
0.342429 0.801672 2.045875 1.523860 1.365581
0.316184 0.858431 0.305370 0.993915 3.869237
0.280332 0.821033 1.099067 1.354037 0.290802
0.280290 0.879315 0.297231 1.022713 0.422478
0.316069 0.801837 1.258490 0.758722 2.030871
0.342314 0.858239 0.529850 1.979451 1.433523
0.296545 0.821291 2.816333 0.674167 0.596905
0.309590 0.844606 1.670777 0.500450 0.712136
0.345051 0.807658 0.446944 1.485271 1.211773
0.333797 0.865735 3.010729 0.968541 3.421980
0.288345 0.788257 0.989406 1.319864 0.251496
0.293608 0.849291 3.527908 1.586002 2.387628
0.327751 0.832559 0.828722 0.582019 0.358384
0.349006 0.883840 1.973747 1.290542 0.507721
0.304853 0.799632 0.369324 0.869821 1.689915
0.302590 0.870471 0.627521 0.775892 1.005992
0.337051 0.786262 2.333138 1.138875 0.855497
0.320806 0.835869 0.347288 0.631405 0.302944
0.276335 0.819137 1.051075 1.701902 2.848570
0.277168 0.837906 0.758048 0.952108 0.652505
0.321693 0.814556 3.858465 1.412568 1.568512
0.335438 0.872547 0.406122 0.536077 2.220228
0.300923 0.781668 1.795675 1.460749 0.462220
0.308961 0.885917 2.156304 1.862815 0.273392
0.353178 0.795037 0.678578 0.691134 3.722089
0.324422 0.851328 1.142766 1.048939 1.317379
0.290216 0.827978 0.319233 0.714650 0.774529
0.284232 0.863566 1.383055 0.620534 1.848878
0.329630 0.792969 0.270253 1.821902 0.555053
0.348385 0.842451 2.574616 0.831057 0.392125
0.312977 0.812331 0.579150 1.120167 2.610009
0.295717 0.856084 0.486306 1.214807 3.098089
0.341422 0.825964 1.536983 0.891485 0.329344
0.317677 0.877147 0.915118 1.626811 0.930520
0.281962 0.806550 3.258189 0.548165 1.093558
0.283146 0.860917 1.893530 0.723166 0.268602
0.318993 0.823622 0.354315 1.072997 3.657436
0.340248 0.880328 3.375302 0.699843 1.290775
0.294391 0.802564 0.792876 1.906830 0.759030
0.311666 0.866696 0.332827 1.415487 0.637706
0.347196 0.788931 1.007311 0.525123 1.532709
0.330950 0.847337 0.599777 1.369725 2.164052
0.285411 0.810043 2.229993 0.933284 0.450440
0.291454 0.881505 0.507840 0.560737 3.036113
0.325685 0.796957 2.699349 1.646196 0.322691
0.351930 0.848568 0.284108 0.912549 0.914351
0.307709 0.831542 1.202928 1.230115 1.074404
0.299656 0.835199 2.888555 1.097278 1.801746
0.334205 0.818173 0.949259 0.805306 0.541011
0.322950 0.868084 1.598676 1.785882 0.383176
0.278411 0.783535 0.427658 0.601714 2.550806
0.275024 0.873613 2.467481 1.346485 0.825313
0.319617 0.782237 0.555048 0.998836 1.404557
0.338372 0.840742 1.321890 1.516253 3.976469
0.303769 0.816836 0.258301 0.516453 0.292305
0.306037 0.854111 0.877905 0.658606 0.492350
0.350322 0.830204 3.125687 1.954818 2.366402
0.326576 0.887035 0.465279 0.741711 1.675177
0.292282 0.795659 1.470522 1.010670 0.697394
0.287077 0.841886 0.389649 1.755135 1.169222
0.332564 0.811262 1.722835 0.644140 0.994126
0.346309 0.861284 0.725318 1.175292 0.351142
0.310832 0.790137 3.691860 0.792077 3.301257
0.297783 0.874917 1.095280 0.858996 2.789594
0.343576 0.803770 0.305967 1.260752 0.418795
0.314821 0.855466 2.061158 0.575166 0.591602
0.279038 0.824842 0.648634 1.550442 1.969415
0.279726 0.845884 2.282103 0.637364 3.580656
0.314289 0.808899 0.640968 1.736897 0.263531
0.343034 0.866996 1.073579 0.800380 0.746182
0.298481 0.789540 0.339683 1.187759 1.268017
0.311365 0.880576 0.811267 1.247655 1.493944
0.345620 0.803120 3.606497 0.849967 0.621237
0.331865 0.859516 0.377560 1.566884 0.439681
0.287620 0.822531 1.932212 0.581190 2.116557
0.291750 0.869220 0.457028 0.988498 0.317002
0.327265 0.784996 1.636034 1.332264 2.984719
0.351020 0.834582 0.968814 0.521953 1.054120
0.305495 0.817881 3.078583 1.532081 0.895157
0.303081 0.848003 1.285323 1.934187 0.529138
0.338904 0.831302 0.290697 0.651791 1.758710
0.320159 0.882589 2.754493 1.021212 2.484928
0.274326 0.798365 0.541158 0.749608 0.373485
0.277850 0.887158 1.504631 1.664568 1.371060
0.323668 0.796314 0.497148 0.567066 0.807167
0.334913 0.852612 3.330753 1.216358 0.284925
0.299105 0.829238 0.895839 0.902460 3.873601
0.306991 0.839190 0.264337 0.814401 2.326452
0.352492 0.815817 1.412673 1.109527 0.483648
0.326237 0.873789 0.591563 0.595057 0.682781
0.290746 0.782945 2.518313 1.765904 1.643484
0.286129 0.854816 0.693063 1.085153 0.968407
0.330389 0.824713 2.108967 0.731206 1.139700
0.346644 0.875889 0.312217 1.885828 3.228680
0.312374 0.805263 1.167138 0.691987 0.342768
0.294952 0.862309 3.945403 0.530962 0.410872
0.339530 0.791683 0.742267 1.431534 2.731147
0.318285 0.841184 1.758327 0.922805 1.934605
0.283697 0.811081 0.415283 1.354629 0.581614
0.282504 0.864611 0.928491 1.802741 2.068106
0.316979 0.786809 2.950456 0.614085 0.429879
0.340734 0.845210 0.436812 1.131905 0.608623
0.296249 0.807938 1.563672 0.839874 1.464694
0.313675 0.858790 2.642492 0.882226 1.238598
0.347842 0.821518 0.519155 1.202034 0.729286
0.329097 0.878244 1.229753 0.553977 0.258087
0.284920 0.800442 0.278130 1.643854 3.509438
0.289518 0.837309 1.030033 1.397945 0.366176
0.324965 0.820268 0.325906 0.942055 2.434499
0.353710 0.870184 2.183573 1.476310 1.719523
0.308273 0.785666 0.613295 0.541671 0.517031
0.300382 0.883606 0.361869 0.683838 0.877363
0.336136 0.799088 1.851915 1.843546 1.032357
0.322381 0.850678 0.775465 0.722106 2.917166
0.276636 0.833637 3.447349 1.060105 0.309650
0.275628 0.851990 0.299528 0.588513 1.609552
0.321357 0.828119 1.119698 1.603906 0.669207
0.337612 0.884931 0.663083 0.860095 0.472431
0.301873 0.793531 2.017733 1.276270 2.273797
0.304301 0.871509 1.685120 1.151735 3.794991
0.349714 0.780109 0.397992 0.784556 0.279349
0.328469 0.838621 3.770997 1.683078 0.788699
0.293046 0.814751 0.709454 0.624340 1.340511
0.288897 0.877011 3.192422 0.767319 0.568444
0.333088 0.805881 0.858631 1.034080 1.889719
0.344333 0.857596 1.438212 0.666741 2.676824
0.310151 0.826943 0.475201 1.957236 0.402385
0.297253 0.844016 0.567555 1.501792 0.335127
0.341762 0.813364 2.416105 0.506123 3.154772
0.315508 0.863378 0.252929 1.305041 1.117387
0.281008 0.792248 1.351702 0.957869 0.948745
0.281433 0.849001 0.581900 1.286310 1.249964
0.315708 0.831953 2.504149 0.875039 0.750573
0.341953 0.881915 0.262856 1.578547 0.265800
0.297688 0.797391 1.389626 0.586360 3.539251
0.309638 0.868493 3.313790 0.629202 2.095591
0.344221 0.783969 0.881676 1.712474 0.445430
0.332966 0.835632 1.480812 0.772212 0.631066
0.288393 0.818584 0.494606 1.147417 1.483154
0.293169 0.879921 1.787185 1.993939 0.884819
0.328972 0.802126 0.417552 0.671076 1.063204
0.350227 0.860481 3.967044 1.028903 3.002302
0.304414 0.823215 0.754466 0.756210 0.312494
0.301682 0.846901 0.313875 0.975920 0.370790
0.337177 0.809635 1.186113 1.313424 2.524287
0.320932 0.866289 0.704316 0.503543 1.781733
0.275427 0.788494 2.120123 1.480166 0.523899
0.277060 0.861694 0.383853 0.826031 3.850634
0.322579 0.790571 1.943254 1.123947 0.289062
0.336324 0.842319 0.815920 0.615993 0.816676
0.300814 0.811672 3.666681 1.830352 1.359247
0.307762 0.855899 1.079194 1.616904 1.622127
0.353599 0.825253 0.345178 0.550038 0.689674
0.324845 0.875327 2.318971 1.205661 0.487209
0.289017 0.804203 0.644306 0.895809 2.290009
0.285040 0.840306 2.709742 0.538592 0.339809
0.329598 0.816428 0.538163 1.450013 3.266693
0.348353 0.873207 1.278238 0.955189 1.156247
0.313786 0.781800 0.285981 1.404189 0.962651
0.296060 0.886629 0.963629 1.053993 0.572501
0.340301 0.795221 3.029123 0.709307 1.948821
0.316556 0.853675 0.449676 1.869397 2.758672
0.282305 0.829797 1.627245 0.686831 0.405530
0.283587 0.884273 3.790624 0.909557 1.449617
0.317774 0.800042 0.720912 1.237494 0.616418
0.339029 0.849701 1.712373 0.558102 0.436566
0.294832 0.832993 0.400072 1.658473 2.052369
0.312572 0.836279 0.674151 1.779650 3.460317
0.347066 0.819571 2.029315 0.605452 0.259724
0.330822 0.870905 0.301241 1.092074 0.735901
0.286317 0.786673 1.138365 0.811346 1.224571
0.290313 0.857833 0.251571 0.704965 0.513088
0.326048 0.820854 1.329966 1.898087 1.746258
0.352293 0.878878 0.558441 0.727543 2.465668
0.306568 0.801429 2.403190 1.069445 0.362402
0.299606 0.865299 1.414867 1.380160 0.306142
0.335033 0.787849 0.472578 0.928730 2.943582
0.323778 0.844200 3.174736 1.424234 1.038887
0.278361 0.807221 0.844676 0.523318 0.865076
0.274213 0.842861 1.223456 1.168185 2.245221
0.319645 0.812765 0.273725 0.794750 0.477306
0.338400 0.863999 2.600698 1.742290 0.674286
0.302959 0.793380 0.516508 0.647128 1.585029
0.305696 0.877579 0.429688 0.571663 1.332184
0.351446 0.806960 1.554920 1.555740 0.799823
0.327700 0.856494 0.923275 0.852529 0.282523
0.291941 0.826398 2.902277 1.266868 3.761214
0.287185 0.872111 0.779571 1.523367 0.396260
0.331674 0.781261 3.503337 0.512657 2.697148
0.345419 0.837499 0.367754 1.350842 1.909232
0.310940 0.814119 1.861759 0.992911 0.561310
0.298984 0.850921 2.219448 0.745284 0.940307
0.343157 0.827541 0.616657 1.003114 1.130101
0.314402 0.885480 1.035657 0.660933 3.199315
0.280239 0.794630 0.331254 1.942647 0.333047
0.279541 0.869774 1.161619 0.518002 0.602253
0.314944 0.785233 0.321004 1.539578 1.417447
0.343689 0.836876 2.168313 0.982437 2.002664
0.298296 0.819857 0.689788 1.336873 0.425110
0.310397 0.850245 0.408314 1.013781 0.255393
0.346118 0.833227 1.825025 0.753052 3.396134
0.332363 0.883196 0.770421 1.922572 1.199370
0.286652 0.798654 3.879204 0.653963 0.721216
0.292483 0.845646 0.900093 0.803174 1.700437
0.327002 0.808345 3.239590 1.180414 0.500663
0.350757 0.865018 0.483540 0.640408 0.354359
0.306228 0.787247 1.511779 1.723984 2.409005
0.303657 0.878650 2.561289 1.572022 2.884839
0.337859 0.800879 0.569945 0.577718 0.299842
0.319113 0.859226 1.361045 1.253561 0.849032
0.274902 0.821925 0.268848 0.843684 1.021565
0.278912 0.857164 2.962068 1.876804 0.467505
0.323070 0.826533 0.984014 0.697206 2.200318
0.334316 0.876601 1.661706 1.081321 1.558659
0.300167 0.805447 0.439729 0.735779 0.661753
0.307276 0.862968 0.527059 0.918506 0.780484
0.351741 0.791814 2.771321 1.364674 1.297175
0.325486 0.843583 0.292474 0.529244 3.674947
0.291031 0.812952 1.251834 1.440061 0.276241
0.285609 0.885338 0.353046 1.223823 2.647019
0.331374 0.793968 1.056992 0.899396 0.389668
0.347628 0.852427 0.631067 1.677178 0.550084
0.311854 0.828527 2.371872 0.564323 1.870022
0.294281 0.839058 1.983902 0.598683 1.104971
0.339737 0.815158 0.375267 1.759984 0.918739
0.318492 0.871916 3.584596 0.820397 0.324295
0.283026 0.780546 0.832968 1.104393 3.121964
0.281773 0.834172 0.462821 1.465134 0.771093
0.317244 0.817446 1.446998 0.544322 1.281366
0.340999 0.868787 0.863879 1.389374 3.620952
0.295518 0.784585 3.109243 0.945314 0.272133
0.313097 0.882156 1.300544 0.716852 0.454365
0.348886 0.797954 0.256897 1.064976 2.138809
0.330141 0.847594 2.454017 0.679732 1.510737
0.284342 0.830868 0.546074 1.849688 0.641524
0.289705 0.867432 2.071712 1.135857 1.088534
0.324312 0.789948 0.659055 0.834680 0.905246
0.353057 0.846291 1.112900 1.811351 0.320344
0.308460 0.809336 0.307540 0.609519 3.084378
0.301346 0.859923 0.737363 0.555793 2.566115
0.335636 0.822968 3.712737 1.634034 0.377685
0.321881 0.881012 0.391844 0.886402 0.534704
0.277601 0.803527 1.751406 1.193148 1.817476
0.276144 0.875455 0.603003 0.663550 0.294425
0.320371 0.804852 2.266402 1.971999 3.914618
0.336626 0.854406 0.338268 0.764610 1.386458
0.302389 0.824280 1.012750 1.040548 0.833551
0.304976 0.840774 3.431049 1.298961 0.705567
0.349509 0.810647 0.797289 0.964972 1.660838
0.328264 0.861876 1.904029 1.496931 2.352511
0.293721 0.791272 0.360159 0.509137 0.499471
0.287831 0.853018 1.590356 0.865374 3.334198
0.333684 0.829676 0.420849 1.271938 0.346612
0.344929 0.887594 2.842627 0.592971 0.978646
0.309086 0.796721 0.944338 1.596147 1.177695
0.296970 0.874225 0.279451 1.693336 1.997868
0.342515 0.783353 1.196094 0.622247 0.588126
0.316260 0.839596 0.504944 1.160214 0.415209
0.280725 0.816254 2.655046 0.780925 2.822248
0.280650 0.839796 1.455050 1.845830 1.485316
0.316493 0.815896 0.460387 0.677255 0.631864
0.342747 0.874342 3.084437 1.062045 0.447277
0.296895 0.782972 0.866326 0.715694 2.103977
0.309161 0.887975 0.256147 0.942828 3.524582
0.344696 0.796604 1.310851 1.384142 0.264750
0.333451 0.853376 0.548932 0.542522 0.749507
0.287907 0.829476 2.440257 1.462574 1.248371
0.293953 0.862230 0.657200 1.190060 0.525990
0.328189 0.791077 2.088351 0.883021 1.789105
0.349435 0.841157 0.309169 1.628704 2.527447
0.305208 0.810527 1.106729 0.554803 0.371326
0.302157 0.854526 3.733633 0.608228 0.312092
0.336700 0.823896 0.733531 1.804833 2.998002
0.320445 0.875651 1.737617 0.832341 1.058991
0.275912 0.804498 0.392995 1.134067 0.881144
0.277521 0.881077 2.258274 0.510663 2.287115
0.322118 0.803304 0.607392 1.499064 0.486502
0.335873 0.859965 1.017327 0.967210 0.686927
0.301267 0.822663 0.336141 1.303466 1.615421
0.308540 0.846596 0.802258 1.043804 1.364642
0.352820 0.809294 3.415215 0.766125 0.820072
0.324075 0.867655 0.357538 1.976814 0.289431
0.289785 0.789883 1.910740 0.666214 3.856121
0.284580 0.847819 0.423517 0.783396 0.403859
0.330060 0.830801 1.583184 1.162459 2.747716
0.348805 0.882457 0.937525 0.623798 1.946012
0.313334 0.797916 2.852828 1.700068 0.571783
0.295281 0.868825 1.191881 1.600866 0.964032
0.341079 0.784284 0.281502 0.593846 1.157731
0.317325 0.834239 2.667328 1.274832 3.280315
0.281536 0.817221 0.501822 0.868405 0.341162
0.282793 0.871589 0.323011 0.652601 1.219717
0.318567 0.780715 1.156283 1.915562 0.732846
0.339812 0.838648 0.684753 0.750978 0.259391
0.294048 0.815304 2.175910 1.012146 3.455357
0.312087 0.852281 1.818442 1.333361 2.054945
0.347553 0.828937 0.411277 0.978736 0.437196
0.331298 0.885169 3.896818 1.534484 0.618877
0.285842 0.794295 0.765593 0.517098 1.455620
0.291106 0.843410 3.228246 0.841497 0.863846
0.325254 0.813284 0.906720 1.248783 1.037566
0.351509 0.862825 1.518740 0.575835 2.931389
0.307351 0.792222 0.480540 1.569216 0.304931
0.300092 0.876193 0.573546 1.720326 0.363906
0.334548 0.805591 2.549685 0.638105 2.475527
0.323303 0.856832 0.266914 1.177108 1.748797
0.278838 0.826706 1.365958 0.801906 0.513738
0.274665 0.858975 0.981162 1.444372 3.776907
0.319193 0.822019 2.985605 0.530000 0.283647
0.337938 0.878376 0.442021 1.367843 0.800969
0.303419 0.800890 1.652354 0.921689 1.333898
0.306465 0.865007 2.786683 0.738080 1.582738
0.350677 0.787522 0.524276 1.083466 0.673442
0.326922 0.845553 1.241873 0.698911 0.475340
0.292720 0.808597 0.293309 1.884334 2.236296
0.286732 0.883105 1.062964 1.107889 0.333472
0.332125 0.798903 0.351219 0.821982 3.203869
0.345880 0.850230 2.353148 1.764367 1.134584
0.310478 0.833506 0.632907 0.601065 0.944219
0.298216 0.836597 0.374203 0.565993 0.559072
0.343927 0.819873 1.999794 1.679647 1.901344
0.315181 0.869525 0.837399 0.901441 2.693747
0.279461 0.785324 3.564798 1.228113 0.395684
0.280003 0.885890 0.718336 0.813351 0.716277
0.314483 0.794484 3.818160 1.096391 1.191387
0.343238 0.851248 0.401885 0.607354 3.363842
0.298749 0.827372 1.701583 1.783059 0.253001
0.311176 0.837668 2.041945 1.662211 0.429197
0.345338 0.813792 0.671045 0.560045 2.021530
0.331593 0.872257 1.130071 1.241127 1.427170
0.287420 0.780851 0.302305 0.910880 0.606296
0.292022 0.856638 1.338385 0.524521 1.012007
0.327464 0.825991 0.250439 1.429144 0.840967
0.351209 0.877753 2.385834 0.931493 0.297849
0.305777 0.806629 0.560449 1.382097 2.865117
0.302877 0.864331 0.470920 1.072034 2.425204
0.338637 0.793207 1.425235 0.730449 0.356794
0.319882 0.843268 0.848595 1.903985 0.505384
0.274132 0.812621 3.155065 0.706347 1.716801
0.278129 0.844474 0.275251 1.262710 0.278092
0.323855 0.807210 1.217012 0.850993 3.700270
0.335109 0.865550 0.512391 1.551678 1.309434
0.299374 0.787756 2.608044 0.569470 0.787980
0.306799 0.878972 1.550360 0.645300 0.655577
0.352217 0.801177 0.433099 1.739508 1.543822
0.325972 0.857844 2.917430 0.793049 2.185649
0.290545 0.820579 0.918110 1.163956 0.464318
0.286393 0.870920 3.493434 1.937258 3.151909
0.330590 0.786394 0.785842 0.659851 0.327356
0.346836 0.836370 1.871598 1.001001 0.925061
0.312648 0.819322 0.365720 0.742553 1.112367
0.294756 0.849950 0.620132 0.989607 1.857259
0.339260 0.832902 2.207897 1.348453 0.546411
0.318005 0.884552 0.328648 0.511299 0.385954
0.283511 0.800027 1.038692 1.517600 2.622285
0.282224 0.853557 2.496859 1.150249 0.647574
0.316792 0.830178 0.586531 0.775267 1.525272
0.340537 0.886429 1.396851 1.717860 2.153187
0.295979 0.795579 0.261380 0.630405 0.457488
0.313866 0.872849 0.886570 0.587680 0.270324
0.348117 0.782000 3.296265 1.584046 3.596210
0.329362 0.839924 0.490674 0.877610 1.269382
0.285121 0.816545 1.485026 1.288178 0.763766
0.289253 0.874943 0.419914 1.483573 1.829947
0.324763 0.804323 1.777921 0.505278 0.538292
0.353518 0.855545 0.748516 1.317327 0.381315
0.307998 0.825448 3.978584 0.977292 2.590292
0.300578 0.842123 1.182735 0.758043 3.055042
0.336406 0.812026 0.316394 1.033010 0.317345
0.322661 0.861574 2.131373 0.673160 0.899050
0.276823 0.790954 0.700435 1.997852 1.081286
0.275350 0.866247 1.955390 0.892871 0.494710
0.321163 0.788799 0.382092 1.203485 2.330532
0.337409 0.846836 3.639891 0.548601 1.649505
0.301605 0.809858 0.818785 1.610706 0.700855
0.304491 0.860258 0.343938 1.825188 0.839290
0.349996 0.823280 1.087010 0.615008 1.395733
0.328741 0.879616 0.647241 1.121538 3.952155
0.293245 0.802168 2.304407 0.823043 0.297205
0.288624 0.835330 0.536286 0.684924 2.803426
0.332890 0.818622 2.729658 1.866342 0.412379
0.344144 0.868268 0.287301 0.707815 0.582638
0.309869 0.784036 1.270291 1.050128 1.978845
0.297457 0.881848 3.048234 1.399513 1.188830
0.342029 0.797616 0.959271 0.953502 0.988042
0.315784 0.848963 1.615526 1.446175 0.348934
0.281202 0.832254 0.451302 0.536551 3.357186
0.281088 0.863258 2.933107 1.640920 0.251181
0.315270 0.792632 0.933095 0.552171 3.417045
0.341525 0.843821 1.575699 1.197452 1.206959
0.297333 0.813717 0.435436 0.879939 0.709201
0.310071 0.857242 0.520856 0.838548 0.599282
0.344571 0.827139 2.622572 1.128736 1.439500
0.333326 0.876627 0.276778 0.611876 2.033477
0.288816 0.806001 1.237092 1.798916 0.423084
0.292809 0.838240 0.326940 1.058395 2.836795
0.328549 0.814868 1.022161 0.720117 0.301737
0.349793 0.871151 0.610276 1.836823 0.854255
0.304064 0.780309 2.196465 0.682414 1.004721
0.302110 0.884732 1.840909 0.540726 1.692324
0.337533 0.793889 0.363640 1.471425 0.508368
0.321278 0.851873 3.473496 0.938506 0.359874
0.275865 0.828501 0.772941 1.394273 2.397106
0.276711 0.850641 1.124096 0.626824 0.775648
0.322149 0.833938 0.297467 1.687269 1.319029
0.335904 0.883539 2.009312 0.786072 3.737493
0.300456 0.799313 0.667511 1.155381 0.274483
0.308198 0.869959 0.395397 1.280745 0.460300
0.353942 0.785733 1.692344 0.862050 2.211432
0.325197 0.837008 0.714421 1.606268 1.566267
0.289443 0.820306 3.756444 0.590255 0.651665
0.284687 0.877939 0.852944 0.961188 1.097933
0.329173 0.800484 3.205766 1.308072 0.934380
0.347918 0.858567 0.478498 0.506845 0.329760
0.313442 0.821582 1.432570 1.506288 3.102604
0.296482 0.845145 2.425439 1.965089 2.606682
0.340659 0.808161 0.563615 0.668370 0.391568
0.316904 0.864570 1.345919 1.036132 0.552859
0.282736 0.787115 0.254591 0.769718 1.841214
0.283935 0.841591 0.636776 0.580154 0.452315
0.318205 0.810937 2.291836 1.561773 2.172636
0.339450 0.862640 0.342069 0.846724 1.534890
0.295190 0.791509 1.069458 1.244425 0.638521
0.312136 0.876062 3.620737 1.185887 0.757926
0.346724 0.804931 0.805703 0.798136 1.289146
0.330469 0.854960 1.924108 1.730646 3.642323
0.285891 0.824306 0.380074 0.636013 0.267531
0.290666 0.873935 1.642320 0.748397 2.554089
0.326474 0.782535 0.453845 1.018401 0.383725
0.352729 0.839359 3.065476 0.649416 0.543163
0.306911 0.815489 0.975202 1.930153 1.809265
0.299185 0.852939 0.288778 1.529405 1.070134
0.334676 0.829069 1.290724 0.520228 0.910584
0.323430 0.887568 0.544900 1.327248 0.322287
0.277930 0.796168 2.743630 0.985900 3.031728
0.274559 0.882868 0.498767 1.772925 0.694635
0.320084 0.798349 1.493257 0.596540 1.668239
0.338829 0.848253 0.891504 1.111675 2.363394
0.303314 0.831211 3.350702 0.816977 0.491649
0.305263 0.834673 1.404396 0.905622 0.292675
0.351095 0.817631 0.265653 1.219125 3.982254
0.327340 0.869235 2.537628 0.567902 1.410174
0.291517 0.784717 0.589687 1.669489 0.828737
0.287544 0.859528 2.096389 1.359327 1.966591
0.332098 0.822256 0.696440 0.924946 0.590843
0.345853 0.880669 1.176015 1.433575 0.417057
0.311290 0.802869 0.311207 0.532554 2.778535
0.298556 0.867247 0.744637 0.694765 3.314925
0.342801 0.789447 3.915331 1.890433 0.352543
0.314056 0.846159 0.413229 0.732655 0.995560
0.279801 0.808888 1.768671 1.088548 1.170689
0.279269 0.855134 0.355709 0.934596 2.130721
0.314745 0.825015 1.880490 1.373796 0.442706
0.343500 0.874509 0.789574 0.526932 0.627102
0.298014 0.803913 3.397818 1.418745 1.508273
0.310601 0.861140 1.000731 1.910571 1.256168
0.346385 0.790544 0.334258 0.702016 0.739071
0.332640 0.841713 2.245576 1.077280 0.261771
0.286847 0.811594 0.597470 0.724919 3.556215
0.292206 0.886866 2.681434 0.602865 0.377072
0.326808 0.795986 0.509970 1.791499 2.508415
0.350553 0.853965 1.211257 0.808492 1.770830
0.305961 0.830614 0.282997 1.099987 0.532684
0.303846 0.840332 0.952934 1.231901 0.889056
0.338140 0.816982 2.868479 0.915230 1.047093
0.319385 0.873286 0.425831 1.651931 2.956309
0.275101 0.782406 1.609170 0.562000 0.314043
0.278648 0.867834 0.551792 1.006964 1.632249
0.322868 0.783626 2.479683 0.740150 0.678244
0.334124 0.834920 0.260291 1.951622 0.479053
0.299893 0.818189 1.317708 0.656777 2.304688
0.307473 0.848552 3.135906 0.514497 3.910881
0.352011 0.831821 0.871294 1.512240 0.287611
0.325766 0.881414 1.463363 0.997071 0.812713
0.291217 0.797206 0.468059 1.342001 1.380281
0.285330 0.847244 1.728284 1.544499 0.576168
0.331187 0.810294 0.386674 0.573662 1.916208
0.347431 0.866684 3.673654 1.258476 2.712966
0.311585 0.789205 0.729606 0.856179 0.408059
0.294472 0.880054 0.304152 0.789212 0.345069
0.340012 0.802575 1.100627 1.172773 3.250826
0.318757 0.860665 0.653563 0.643110 1.150436
0.283227 0.823716 2.054420 1.750184 0.977719
0.282038 0.877342 1.262577 1.321716 3.476021
0.317446 0.806196 0.294987 0.971423 0.255679
0.341191 0.856204 2.802682 1.490391 0.724317
0.295793 0.825580 0.533028 0.501601 1.230337
0.312901 0.842835 0.444331 0.675489 1.474791
0.348616 0.812211 1.679074 1.985602 0.612701
0.329861 0.863920 0.997008 0.761752 0.434007
0.284155 0.792774 3.001140 1.025189 2.087658
0.289985 0.851686 0.823790 1.705162 0.307582
0.324499 0.827778 3.545054 0.633389 2.897263
0.353254 0.886298 0.372138 1.143378 1.022713
0.308730 0.794920 1.967336 0.777809 0.868998
0.301155 0.872665 2.340568 0.871086 0.521913
0.335361 0.781287 0.622743 1.294330 1.736012
0.321616 0.838106 1.045870 0.584045 2.450787
0.277400 0.814198 0.349334 1.589576 0.368697
0.276417 0.835937 3.833181 0.712031 1.353142
0.320569 0.818912 0.761291 1.046730 0.796279
0.336814 0.870509 1.808261 0.690002 0.281223
0.302672 0.785961 0.404569 1.857647 3.821032
0.304772 0.884142 0.681262 1.455219 2.258657
0.349242 0.799594 2.141499 0.534656 0.469197
0.327987 0.849516 0.317896 1.410069 0.662942
0.293527 0.832492 1.150364 0.948940 1.594244
0.288109 0.865958 0.271294 0.546062 0.955266
0.333877 0.788192 1.373413 1.622564 1.124897
0.345132 0.844912 0.576688 0.889878 3.185122
0.309354 0.807617 2.591571 1.210819 0.338288
0.296781 0.858281 1.526815 1.116112 0.398562
0.342233 0.820985 0.488355 0.829277 2.651789
0.315988 0.879379 3.280680 1.818993 1.876805
