#     Om       s8      SN1      SN2      AGN      WDM
0.497445 0.713443 3.027207 1.535386 0.336168 0.222596
0.218136 0.851420 1.729322 1.013784 2.944956 0.525671
0.158106 0.653752 3.092563 1.861845 3.651712 0.423228
0.326503 0.915751 0.651421 0.590472 1.570254 0.110525
0.395840 0.617315 1.388965 0.828156 2.059739 0.265557
0.113381 0.955315 2.427748 1.807247 3.202768 0.453085
0.259737 0.752984 0.987603 1.067581 2.452052 0.310954
0.431232 0.815008 3.695171 1.295528 0.781665 0.129204
0.414437 0.689474 0.838047 1.672069 2.716673 0.072062
0.295285 0.926863 3.784790 0.775834 0.637961 0.384765
0.128613 0.730855 1.535318 1.348674 1.271550 0.517990
0.361854 0.893442 2.342252 1.201935 3.877592 0.214916
0.315957 0.791876 3.420654 0.879339 3.385604 0.183132
0.199904 0.829292 0.266080 1.482331 1.716132 0.364883
0.227119 0.625301 2.709643 0.642886 1.126531 0.476233
0.457209 0.987909 2.103217 1.996931 2.268644 0.288705
0.473979 0.641308 3.951004 1.137958 1.514886 0.340788
0.241593 0.978308 0.803753 1.320219 3.593583 0.160963
0.181579 0.775903 2.172488 0.806143 2.996676 0.295422
0.303051 0.838878 1.573386 1.737168 0.390620 0.484876
0.369260 0.740440 0.439533 1.837886 0.838907 0.391467
0.139976 0.877463 3.378952 0.519364 2.508364 0.080690
0.286321 0.679868 1.940637 1.604732 3.149203 0.190806
0.404644 0.942869 2.740247 1.036530 2.007075 0.495806
0.437846 0.768300 1.789249 0.619293 3.939383 0.446368
0.271866 0.805884 2.835356 1.925456 1.330580 0.256914
0.105212 0.602014 0.580391 0.948319 0.572522 0.153298
0.385278 0.964405 3.295284 1.505443 2.653966 0.333123
0.342502 0.662844 2.495088 1.419416 2.208670 0.549780
0.173375 0.900455 1.189878 1.226260 1.065627 0.244780
0.200579 0.704324 3.631610 1.649690 1.779783 0.103822
0.483746 0.866737 1.183143 0.706122 3.450155 0.414600
0.479393 0.660607 1.444769 1.042261 0.730575 0.326087
0.210996 0.923022 2.256502 1.599013 2.400948 0.146270
0.165057 0.719079 0.924417 0.525381 3.254214 0.248683
0.344365 0.856688 3.873684 1.831904 2.111171 0.438129
0.377762 0.758250 2.619840 1.743614 1.636349 0.406345
0.106266 0.820640 2.017756 0.799685 3.717793 0.095575
0.266662 0.624582 3.507312 1.325464 2.879219 0.237738
0.449121 0.962168 0.355720 1.132679 0.270416 0.542730
0.408885 0.736036 3.123150 0.712207 2.319747 0.492028
0.275644 0.899036 0.679025 1.643593 1.177619 0.302582
0.148065 0.696753 2.999880 1.231876 1.664700 0.169327
0.367217 0.933778 1.697653 1.413766 3.334157 0.349144
0.310379 0.632217 1.018363 1.510802 3.811512 0.504176
0.180290 0.995193 3.723407 0.942972 1.205456 0.199184
0.246544 0.797476 1.362269 1.931833 0.703713 0.087865
0.462598 0.834474 2.396253 0.612950 2.782411 0.398635
0.455922 0.781619 0.493564 1.255122 1.941334 0.207872
0.234451 0.844230 3.205932 1.108022 3.083447 0.510939
0.188520 0.648051 1.879340 1.765639 2.574462 0.376511
0.320906 0.985465 2.920648 0.869776 0.904991 0.063815
0.351181 0.687030 3.545410 0.549305 0.442070 0.280473
0.132857 0.949614 1.093961 1.902978 3.048112 0.467993
0.293238 0.745794 2.585348 0.972903 3.542491 0.357848
0.422522 0.883185 1.275797 1.576256 1.463779 0.176105
0.432289 0.609213 2.199357 1.955392 3.515910 0.117699
0.252224 0.971236 1.604597 0.684391 1.845523 0.430395
0.124653 0.773592 3.919959 1.441810 0.999542 0.534042
0.390633 0.811593 0.775691 0.919848 2.142571 0.230975
0.336923 0.710028 1.967791 1.161169 2.602531 0.137566
0.153756 0.872028 2.772200 1.389476 0.521072 0.319309
0.219996 0.669673 0.409231 0.734598 1.381688 0.460238
0.489124 0.907648 3.351174 1.713316 3.990476 0.272718
0.491557 0.620210 0.281873 0.669016 2.381640 0.178162
0.224015 0.957209 3.462083 1.975173 0.771692 0.370023
0.153064 0.759491 2.091545 0.898602 2.071772 0.471713
0.331566 0.822468 2.665012 1.455721 3.271577 0.293333
0.389963 0.724032 3.801955 1.369694 3.764682 0.074749
0.119273 0.861056 0.880847 1.176544 1.626475 0.382157
0.254680 0.658773 2.328289 1.699406 0.282465 0.521189
0.436285 0.921773 1.488396 0.755843 2.830843 0.211855
0.421830 0.795647 2.471008 1.088241 1.128950 0.270201
0.287882 0.833233 1.406589 1.270497 2.331502 0.448581
0.135290 0.637176 3.648709 0.855865 3.323889 0.316048
0.355199 0.999565 0.974100 1.786885 1.711195 0.124187
0.323362 0.698002 1.770291 1.887603 1.222883 0.219522
0.192516 0.935611 3.042541 0.569086 3.772176 0.528855
0.233782 0.731668 0.606330 1.555010 2.823692 0.420664
0.450543 0.894084 3.080432 0.986814 0.684569 0.113257
0.468148 0.747036 1.233136 1.628206 3.095317 0.554875
0.247433 0.885012 2.512710 0.731976 1.892779 0.239765
0.176465 0.682656 1.136679 1.392531 0.951601 0.108465
0.308143 0.944656 3.618106 1.245798 2.564309 0.410095
0.363418 0.646216 2.876327 0.923202 3.008891 0.443805
0.145803 0.984217 1.804584 1.526189 0.459612 0.259647
0.281221 0.786574 3.250195 0.599029 1.444750 0.150223
0.409748 0.848597 0.568262 1.953068 3.583887 0.336306
0.445296 0.674631 3.394744 1.579243 1.886525 0.386949
0.264426 0.912022 0.480960 1.057647 3.496487 0.085318
0.111816 0.708202 2.728573 1.817982 2.159819 0.185835
0.378651 0.870786 1.896005 0.546615 0.960028 0.500946
0.349942 0.769226 0.820921 0.784298 0.511084 0.343987
0.165920 0.806639 3.993806 1.763384 2.649305 0.157904
0.207197 0.610460 1.559425 1.111445 3.941985 0.298109
0.477131 0.973071 2.125568 1.339385 1.393622 0.482267
0.484438 0.754275 3.738741 1.911546 2.896465 0.509177
0.205935 0.816884 1.059332 0.640539 0.348101 0.194074
0.170942 0.612893 2.384121 1.485662 1.560265 0.092354
0.338484 0.950308 1.317178 0.963694 3.698486 0.393976
0.382822 0.651868 0.696650 1.205014 3.220016 0.489311
0.101217 0.914454 3.166410 1.433327 2.020225 0.305160
0.272535 0.718446 1.684150 0.690746 0.822667 0.166157
0.443225 0.855835 2.953418 1.669471 2.432629 0.352233
0.402211 0.630307 2.060556 1.298973 0.618932 0.401732
0.282302 0.992332 2.637005 1.151868 2.758068 0.100110
0.140668 0.790001 0.308798 1.721793 3.838371 0.232612
0.374617 0.828000 3.493349 0.825924 1.289092 0.547715
0.303720 0.726440 2.297931 0.505454 1.762742 0.329132
0.186959 0.888439 1.460563 1.859132 3.375451 0.143056
0.239137 0.690771 3.829053 1.016749 2.280514 0.251276
0.469983 0.928747 0.912744 1.620107 1.077976 0.435426
0.461033 0.675447 2.815002 0.761912 3.634864 0.132442
0.229356 0.937861 1.984958 1.693304 1.495742 0.324295
0.194354 0.741730 3.304254 1.182166 0.408047 0.455624
0.315068 0.879341 0.395269 1.364061 2.957340 0.277251
0.356278 0.780904 1.646024 1.461096 2.498096 0.120293
0.127751 0.843295 2.215149 0.893261 0.885402 0.427693
0.299083 0.639425 0.731059 1.981545 1.958405 0.537086
0.416699 0.977010 3.908285 0.662656 3.160958 0.227760
0.425682 0.702447 1.109297 0.992550 1.342629 0.284962
0.258848 0.865448 3.586381 1.549308 3.891006 0.463335
0.117205 0.667852 1.263667 0.575086 2.700855 0.362848
0.398076 0.904875 2.540259 1.881615 0.562648 0.170995
0.330301 0.603312 3.223555 1.793325 1.026227 0.204704
0.160368 0.966288 0.536822 0.849391 2.226033 0.514030
0.212560 0.763883 2.907143 1.275758 3.430847 0.373793
0.496582 0.800883 1.832875 1.082968 1.820900 0.066393
0.495087 0.694823 3.260202 1.355460 3.294036 0.436443
0.214240 0.932604 0.544179 1.196642 2.093315 0.250369
0.162050 0.734887 2.870541 1.678484 0.749348 0.144104
0.328812 0.897082 1.825592 0.770902 2.360211 0.328253
0.399708 0.798643 1.145899 0.648189 2.852213 0.541044
0.115760 0.836447 3.593665 1.990143 0.304752 0.239424
0.257406 0.634165 1.227020 0.884273 1.604759 0.093410
0.427315 0.996385 2.532902 1.475907 3.742051 0.408511
0.418329 0.721034 1.550792 1.866775 1.689881 0.351309
0.297639 0.857837 2.149193 0.584056 3.301660 0.167161
0.126308 0.661780 0.826249 1.540681 2.353161 0.304268
0.357913 0.924953 3.974172 1.007000 1.151524 0.490342
0.313575 0.623390 2.719811 1.074006 0.662052 0.400801
0.196033 0.960220 1.919071 1.290594 2.802090 0.085700
0.231039 0.756277 3.399486 0.834943 3.794578 0.200870
0.459542 0.819472 0.461226 1.801943 1.244369 0.502490
0.471673 0.772428 2.305337 0.955106 2.541965 0.065501
0.237652 0.809623 1.497273 1.500140 0.930172 0.374825
0.185472 0.607267 3.821803 0.625719 1.915238 0.513105
0.305405 0.970047 0.876219 1.920523 3.116860 0.205707
0.373180 0.671612 2.067806 1.654985 3.562171 0.177791
0.142309 0.908831 2.673531 0.699337 1.422119 0.356162
0.283939 0.711186 0.301393 1.424346 0.480983 0.470158
0.400774 0.873992 3.456640 1.219843 3.031178 0.278307
0.441790 0.649240 0.630656 0.811077 0.981686 0.228809
0.274175 0.987411 3.071097 1.730744 2.182393 0.536207
0.102854 0.783589 1.749985 1.143260 3.475173 0.428709
0.381382 0.845394 3.048543 1.313431 1.864296 0.119385
0.340172 0.743830 3.672906 1.611147 1.416023 0.270552
0.169457 0.882027 0.964208 1.031598 3.963471 0.462403
0.204447 0.685847 2.450115 1.844672 2.626788 0.317623
0.486125 0.947675 1.412490 0.514070 0.489483 0.139252
0.475451 0.729667 0.740278 1.236830 3.690619 0.112211
0.208690 0.891496 3.883845 1.407372 1.553313 0.421542
0.167412 0.687504 1.639909 0.717525 0.355855 0.527836
0.348258 0.925699 2.235341 1.636832 2.903303 0.220431
0.380095 0.627264 3.314260 1.938236 2.425963 0.130890
0.110186 0.989068 0.371187 0.607994 0.815085 0.309268
0.262790 0.793059 2.809215 1.517566 2.027234 0.455250
0.446739 0.831231 2.005965 0.937646 3.227941 0.263392
0.411193 0.654916 2.898381 0.532143 1.295816 0.212750
0.279588 0.917721 1.855943 1.826587 3.846010 0.520156
0.144170 0.715389 3.228297 1.048653 2.751002 0.383079
0.364860 0.852609 0.517088 1.594058 0.610949 0.073747
0.306462 0.751044 1.255034 1.330789 1.085786 0.286539
0.177960 0.813826 2.563884 1.125914 2.287408 0.478398
0.248923 0.616157 1.114626 1.748571 3.367754 0.363197
0.466465 0.953351 3.566747 0.793284 1.755961 0.184818
0.452027 0.600060 1.660411 1.446768 2.965094 0.483190
0.232094 0.963256 2.961937 0.913447 0.414886 0.297108
0.190828 0.767126 0.716169 1.960717 1.487875 0.158798
0.324850 0.803954 3.160967 0.677626 3.627913 0.342953
0.353559 0.705516 2.361169 0.740990 3.167967 0.494120
0.136725 0.868686 1.326054 1.708362 1.966330 0.192492
0.289322 0.664817 3.758590 1.167932 0.878736 0.078524
0.420193 0.901622 1.054704 1.384159 2.490514 0.393633
0.434644 0.777833 3.853250 1.772403 0.555582 0.335288
0.256117 0.840052 0.902853 0.864449 2.692873 0.151133
0.120711 0.642457 2.277038 1.261524 3.897730 0.258600
0.388327 0.980263 1.466464 1.103066 1.350268 0.444682
0.333051 0.678701 0.333124 0.978221 1.813203 0.416766
0.151373 0.940896 3.484015 1.569495 3.424066 0.101657
0.222330 0.738492 2.040250 0.554258 2.233843 0.246466
0.493044 0.876272 2.643006 1.896584 1.033122 0.548094
0.487689 0.788833 1.931203 0.860793 1.592770 0.395660
0.221636 0.826028 2.764901 1.780466 3.673313 0.090670
0.155393 0.628359 0.445892 1.093539 2.922554 0.196242
0.335483 0.991140 3.358517 1.263715 0.314681 0.507010
0.392320 0.692701 2.162696 1.561432 0.802979 0.353917
0.123169 0.929921 1.597254 0.981878 2.474281 0.164473
0.250736 0.727589 3.956547 1.894393 3.181110 0.307328
0.433976 0.890393 0.782990 0.563785 2.037165 0.487143
0.424213 0.614084 3.640587 0.905385 3.856220 0.545548
0.291753 0.952257 1.159862 1.450424 1.249264 0.234780
0.131370 0.756248 2.490102 0.675434 0.659676 0.098426
0.352866 0.818051 1.209855 1.970244 2.739304 0.403417
0.319469 0.716492 0.588810 1.704705 2.246185 0.433258
0.190161 0.854686 3.271874 0.749052 1.104987 0.253443
0.236087 0.650694 1.784163 1.374632 1.738477 0.141372
0.454484 0.912524 2.854747 1.170123 3.407032 0.330816
0.464228 0.665913 1.011128 1.822920 0.368219 0.275567
0.245100 0.903693 3.686867 0.540194 2.975190 0.457308
0.178847 0.701289 1.369688 1.584542 3.616100 0.322128
0.312015 0.863484 2.432948 1.050856 1.536487 0.134609
0.365724 0.765047 3.115731 1.117863 1.985417 0.226076
0.149744 0.802853 0.642329 1.334457 3.126629 0.538770
0.277328 0.605258 3.007116 0.791081 2.529678 0.425526
0.407393 0.967477 1.734193 1.758087 0.861137 0.122461
0.447626 0.743694 2.685661 1.399321 2.675682 0.173162
0.268342 0.880499 2.112894 1.240497 0.595153 0.360680
0.107949 0.676630 3.441304 1.634628 1.309209 0.465019
0.376272 0.939800 0.260422 0.727041 3.917096 0.283278
0.345997 0.638236 1.510778 0.604326 3.472500 0.068560
0.163612 0.975064 2.351800 1.946287 1.801212 0.371626
0.209554 0.778934 0.858596 0.928130 1.043168 0.515714
0.481026 0.842131 3.778546 1.519769 2.187126 0.203020
0.482105 0.635212 2.575556 1.728553 2.103361 0.291648
0.202016 0.998407 1.299665 0.820604 3.247320 0.473397
0.174812 0.794465 3.550954 1.305368 2.408645 0.367855
0.340865 0.831294 1.073197 1.146916 0.737357 0.180330
0.386762 0.732857 1.869905 1.022071 0.263693 0.210171
0.103522 0.896029 2.945303 1.613338 2.871579 0.522873
0.270181 0.699972 0.499923 0.510414 3.724860 0.379989
0.439333 0.936776 3.185497 1.852735 1.644331 0.076917
0.406129 0.761431 0.417649 1.490612 3.340823 0.126355
0.284633 0.823650 3.327764 0.957298 1.672282 0.313881
0.138289 0.621368 1.962706 1.916867 1.170610 0.450265
0.370748 0.959173 2.791590 0.633781 2.311822 0.268517
0.301411 0.657609 3.928935 0.697146 2.790278 0.115424
0.183014 0.919803 0.752410 1.664512 0.710665 0.418497
0.243032 0.722086 2.194372 1.211781 1.197702 0.530539
0.472341 0.859868 1.624574 1.428003 3.804673 0.217838
0.458654 0.707010 3.530479 0.581853 0.912687 0.411780
0.225487 0.868838 0.346629 1.876291 2.581243 0.106781
0.198271 0.672658 2.599749 0.998949 3.075637 0.241932
0.317399 0.910855 2.022626 1.544349 1.934439 0.552708
0.360174 0.612415 0.947941 1.281079 1.470846 0.337990
0.130109 0.974220 3.865380 1.076209 3.550473 0.148539
0.296774 0.770399 1.425493 1.798276 3.041388 0.261815
0.412754 0.808569 2.261702 0.842994 0.434431 0.441637
0.429553 0.683823 1.337728 1.187126 2.135562 0.498778
0.261229 0.946629 2.405802 1.357663 0.991617 0.188002
0.114872 0.748985 1.038913 0.767234 1.852190 0.083634
0.394156 0.886203 3.717162 1.686535 3.523492 0.388633
0.327947 0.784643 2.975897 1.987940 3.982722 0.480099
0.156476 0.847424 1.707331 0.657704 1.374849 0.300277
0.216501 0.645067 3.143800 1.467856 0.528940 0.156220
0.498887 0.982263 0.673367 0.887941 2.609483 0.345672
0.499822 0.643898 1.292585 1.849413 3.750762 0.188695
0.215849 0.981900 2.568476 0.507871 1.610724 0.498021
0.157127 0.785770 1.080737 1.616660 0.296039 0.389802
0.327012 0.847793 3.558494 1.024614 2.846248 0.082402
0.395177 0.749354 2.937735 1.150235 2.368008 0.300970
0.114355 0.887329 1.862337 1.307908 0.756229 0.479342
0.261747 0.683460 3.192605 0.817286 2.085520 0.346840
0.428532 0.945460 0.507031 1.726013 3.287156 0.154987
0.413299 0.771494 3.335304 1.431275 1.238403 0.105488
0.295732 0.808908 0.425189 1.214367 3.785865 0.412888
0.131151 0.611314 2.784510 1.661240 2.808055 0.551891
0.359629 0.973924 1.955625 0.694560 0.670763 0.242565
0.318029 0.672362 0.759518 0.630506 1.144643 0.147246
0.197363 0.909753 3.936044 1.914278 2.345365 0.339099
0.226395 0.707348 1.617006 0.960573 3.308540 0.440820
0.458024 0.869933 2.186804 1.493201 1.697677 0.262447
0.473285 0.723322 0.339547 0.840410 3.022494 0.313124
0.242390 0.860347 3.523397 1.795005 0.475047 0.127048
0.183657 0.656355 2.030165 1.078794 1.430802 0.267284
0.300466 0.919354 2.607287 1.284350 3.568107 0.451434
0.371754 0.620920 3.857814 1.546936 3.109093 0.417740
0.137756 0.957918 0.940375 1.002223 1.908386 0.116117
0.285165 0.761910 2.268812 1.873704 0.937940 0.216605
0.405123 0.824887 1.432603 0.578579 2.548817 0.531708
0.439887 0.698761 2.413340 0.890483 0.495419 0.474506
0.269148 0.936370 1.345266 1.471176 2.635471 0.290356
0.104555 0.734038 3.710080 0.655163 3.957534 0.180962
0.386209 0.896453 1.031830 1.984620 1.407339 0.367038
0.341480 0.794889 1.714441 1.683997 1.871148 0.523981
0.173889 0.832475 2.983007 0.763917 3.482941 0.208878
0.202939 0.634806 0.665801 1.360201 2.175541 0.077550
0.481490 0.997196 3.136234 1.190443 0.973919 0.379172
0.480371 0.778583 2.757361 0.561244 3.235708 0.359995
0.210487 0.840974 1.923663 1.891073 2.034086 0.173912
0.162679 0.638618 3.365598 0.984419 0.807317 0.282102
0.346652 0.976203 0.452972 1.564752 2.419110 0.466259
0.375752 0.677768 1.590146 1.266254 2.911987 0.370940
0.108966 0.940182 2.155588 1.096855 0.361792 0.069310
0.267324 0.742537 0.790557 1.777927 1.544630 0.201844
0.448146 0.880148 3.964115 0.857476 3.684683 0.516954
0.406348 0.605585 1.166942 1.172707 1.749108 0.458609
0.277869 0.968560 3.647668 1.377902 3.359986 0.274451
0.149203 0.764739 1.202315 0.746468 2.294260 0.135419
0.366769 0.801739 2.482562 1.701435 1.093553 0.321502
0.311104 0.700174 3.279442 1.967657 0.605014 0.540070
0.179474 0.863176 0.596378 0.672161 2.742319 0.224960
0.244473 0.666996 2.847639 1.453011 3.851947 0.123270
0.465138 0.904019 1.777055 0.908659 1.304500 0.424900
0.453845 0.651161 3.679329 1.754815 2.482717 0.235529
0.237035 0.913748 1.003589 0.788496 0.871854 0.544862
0.189213 0.716031 2.440031 1.337729 1.974126 0.404657
0.320108 0.853420 1.376771 1.120448 3.174847 0.097249
0.352336 0.754981 0.635220 1.054131 3.619201 0.254192
0.132378 0.817591 3.108621 1.587131 1.481910 0.432573
0.290745 0.615308 1.741759 0.536919 0.423598 0.332057
0.424742 0.952723 3.014682 1.820331 2.971060 0.140196
0.432947 0.727195 2.119977 1.523090 1.040002 0.089553
0.251293 0.889194 2.692743 0.930672 2.241639 0.396961
0.122612 0.693137 0.252884 1.942966 3.417185 0.506385
0.393350 0.931114 3.433765 0.601784 1.805406 0.197051
0.334563 0.629552 2.359366 0.723723 1.356234 0.163357
0.156011 0.991577 1.518344 1.632089 3.906443 0.355218
0.221018 0.787634 3.771435 1.243815 2.686908 0.486518
0.488609 0.825634 0.851486 1.401861 0.546870 0.308137
0.492426 0.738171 3.891413 0.934329 2.045848 0.152371
0.223250 0.875194 0.747846 1.515028 3.187046 0.334114
0.150453 0.679015 2.228232 0.611311 2.465598 0.445433
0.333669 0.942016 1.632800 1.940774 0.797042 0.257913
0.387770 0.643576 0.378268 1.640151 0.322450 0.102895
0.121741 0.980577 3.321341 0.720066 2.929407 0.415591
0.255087 0.776756 1.998425 1.404053 3.665546 0.548846
0.435201 0.839731 2.801675 1.234288 1.585919 0.245779
0.419184 0.665162 1.848834 0.796558 3.401095 0.296481
0.289851 0.902772 2.891273 1.751158 1.729793 0.484001
0.136195 0.705128 0.524656 1.122640 1.110923 0.341839
0.354568 0.867542 3.235865 1.328202 2.254867 0.160096
0.323902 0.765982 2.556344 1.590787 2.732452 0.191865
0.191467 0.803567 1.247494 1.046069 0.651909 0.494932
0.231454 0.601210 3.573828 1.829859 1.256116 0.392519
0.452974 0.963601 1.121706 0.534728 3.863988 0.079823
0.465838 0.616557 2.969503 1.381570 0.852424 0.518981
0.249834 0.954556 1.667977 1.164656 2.523713 0.213988
0.177049 0.750614 3.153856 1.710950 3.135340 0.073060
0.307090 0.812639 0.709059 0.744265 1.991382 0.383830
0.364318 0.714201 1.333137 0.680211 1.528691 0.477224
0.145215 0.852179 2.368251 1.963990 3.609220 0.287778
0.278543 0.656122 1.047166 0.910862 2.982987 0.184131
0.411735 0.918120 3.751051 1.443495 0.375100 0.363948
0.445721 0.792586 0.895743 1.899124 2.193091 0.422354
0.263310 0.830001 3.846140 0.557576 1.051879 0.111584
0.109666 0.627719 1.474030 1.566955 1.795246 0.221729
0.381113 0.990328 2.284604 0.974903 3.463787 0.526722
0.347326 0.688764 3.476477 1.100523 3.923977 0.310079
0.168066 0.926154 0.325586 1.258203 1.317006 0.130262
0.208035 0.728437 2.650088 0.866992 0.588273 0.264690
0.476383 0.891023 2.047332 1.775724 2.667886 0.454136
0.487048 0.684757 0.551287 1.473367 1.652127 0.534976
0.203832 0.947342 3.267310 0.880956 3.731740 0.229976
0.170072 0.744938 1.818024 1.992683 2.863782 0.118626
0.339249 0.882328 2.862973 0.651507 0.256811 0.429404
0.382415 0.783892 3.601205 0.773445 0.746069 0.461172
0.102301 0.846502 1.153439 1.681805 2.414610 0.271719
0.274729 0.648907 2.525822 1.194099 3.238608 0.138493
0.440757 0.986321 1.219940 1.352139 2.097396 0.318318
0.401306 0.712349 2.141625 1.804532 3.797792 0.375460
0.282934 0.874350 1.543224 0.838218 1.189905 0.064682
0.143315 0.670480 3.981280 1.288006 0.717545 0.206814
0.372647 0.908455 0.833357 1.070731 2.798074 0.511814
0.306047 0.606892 1.911991 1.004415 2.305858 0.356796
0.184527 0.968915 2.712730 1.537409 1.161899 0.176972
0.238596 0.772785 0.468766 0.586641 1.678248 0.279414
0.471031 0.810786 3.407026 1.870047 3.349536 0.468867
0.460450 0.757495 1.504383 1.216570 0.426663 0.168328
0.230409 0.819884 2.312446 1.421760 3.034535 0.350079
0.196663 0.622216 0.868653 0.702611 3.558240 0.491036
0.312668 0.959802 3.814237 1.657572 1.477697 0.303509
0.358955 0.661362 2.681069 1.923794 1.925756 0.086866
0.125764 0.923778 2.075344 0.628303 3.069701 0.399570
0.298184 0.721446 3.449557 1.496869 2.589927 0.503185
0.417287 0.859055 0.294310 0.952522 0.918624 0.200111
0.427832 0.632923 3.063531 0.517387 2.616335 0.249550
0.256385 0.995900 0.623090 1.847210 0.536707 0.437077
0.116781 0.799891 3.055653 1.028282 1.367997 0.326962
0.399191 0.836890 1.757095 1.608609 3.974954 0.145211
0.329463 0.735330 0.957125 1.310111 3.529430 0.238605
0.161115 0.898330 3.665824 1.140719 1.860874 0.541679
0.215176 0.694338 1.420029 1.734064 0.985682 0.407220
0.494435 0.931362 2.457653 0.813618 2.126879 0.094516
0.495927 0.762775 1.066900 1.666197 0.789462 0.464092
0.213492 0.800581 3.746309 0.688159 2.458933 0.284269
0.159436 0.604402 1.310069 1.436601 3.194972 0.172227
0.330956 0.966620 2.377013 1.207601 2.052859 0.361679
0.397556 0.668185 3.173491 0.966965 1.578965 0.514787
0.118223 0.905965 0.703730 1.488247 3.657677 0.204011
0.257830 0.702144 2.945878 0.637268 2.936243 0.067626
0.426202 0.864340 1.676610 1.908962 0.330202 0.372624
0.415654 0.640557 2.629897 1.623424 2.261764 0.323186
0.299625 0.977385 2.053447 1.019287 1.118735 0.133735
0.127209 0.779742 3.500917 1.855816 1.723014 0.276618
0.357323 0.842938 0.316366 0.502915 3.393400 0.456441
0.314157 0.741373 1.453023 0.822604 3.871626 0.426584
0.194981 0.878178 2.290390 1.719251 1.262838 0.121586
0.228728 0.675822 0.919825 1.155188 0.643926 0.227127
0.461944 0.938993 3.836134 1.301515 2.725384 0.537903
0.469344 0.691945 1.992524 0.660116 1.999308 0.099417
0.240084 0.929166 2.822568 1.978227 3.142351 0.402489
0.186011 0.725222 0.388159 0.895801 2.516132 0.546547
0.304359 0.888027 3.297144 1.464415 0.845760 0.233845
0.374087 0.789589 2.222232 1.366604 0.381936 0.142363
0.141677 0.826783 1.653106 1.185487 2.990738 0.329889
0.281294 0.630725 3.900747 1.690761 3.602266 0.434257
0.402741 0.993507 0.723520 0.758591 1.520822 0.252508
0.442195 0.717198 3.579271 1.085556 3.457008 0.195367
0.273092 0.855393 1.102187 1.279033 1.787551 0.508069
0.100660 0.653110 2.547825 0.846802 1.058775 0.394793
0.383851 0.914939 1.271234 1.790050 2.200903 0.091721
0.337564 0.613378 0.529284 1.879029 2.659903 0.306453
0.171560 0.951550 3.216016 0.571813 0.581205 0.488202
0.205317 0.753832 1.839958 1.551894 1.324643 0.353050
0.485358 0.815636 2.914226 0.995822 3.930699 0.165525
0.478066 0.610146 3.469191 0.753255 0.279100 0.084569
0.206546 0.971951 0.288982 1.696131 2.885156 0.387634
0.166571 0.769546 2.657444 1.179132 3.709111 0.499705
0.349006 0.807717 2.083977 1.372969 1.630413 0.187011
0.379672 0.709279 0.888387 1.458306 2.118938 0.157155
0.111299 0.871107 3.809495 0.901874 3.261066 0.344673
0.264943 0.673511 1.481316 1.972588 2.393180 0.481027
0.444275 0.911707 2.321208 0.665744 0.723723 0.299286
0.410293 0.786961 1.399021 0.989353 2.776474 0.240881
0.280178 0.849741 2.463440 1.558328 0.695030 0.553575
0.146845 0.645871 0.981208 0.566546 1.211393 0.410721
0.362873 0.983067 3.655817 1.884285 3.820195 0.107656
0.308773 0.681505 3.035461 1.784342 3.327304 0.260763
0.175557 0.944311 1.763211 0.852544 1.656931 0.442504
0.248341 0.748181 3.087972 1.273039 1.184471 0.336932
0.467518 0.885399 0.613870 1.091562 2.327514 0.149413
0.451487 0.732099 2.519820 1.949751 1.455068 0.449267
0.233139 0.895271 1.240246 0.596490 3.536527 0.269452
0.193158 0.697603 3.610539 1.529505 3.056824 0.125364
0.322417 0.934406 1.129113 0.925741 0.448036 0.314808
0.356205 0.635970 1.812123 1.249117 0.897194 0.529540
0.134758 0.999166 2.883866 1.395073 2.567581 0.218772
0.288414 0.796835 0.561179 0.728657 3.091243 0.114433
0.420825 0.833664 3.243113 1.625665 1.948214 0.419424
0.436839 0.658319 0.473394 1.342659 3.996441 0.368722
0.253647 0.920512 3.387178 1.114032 1.390400 0.179278
0.120306 0.724505 1.903115 1.760110 0.515107 0.292523
0.389409 0.862286 2.735683 0.781712 2.593819 0.472338
0.332181 0.760721 3.986723 0.543344 2.149451 0.380856
0.152140 0.822941 0.813838 1.815398 1.007338 0.075866
0.224938 0.618950 2.133106 1.060918 1.838642 0.211046
0.490942 0.956754 1.566963 1.581827 3.508113 0.521814
0.490047 0.669292 2.249422 1.129407 2.838610 0.431570
0.219381 0.906510 1.437689 1.322878 0.289317 0.116461
0.154371 0.710379 3.881224 0.802958 1.618708 0.231662
0.336000 0.873185 0.931957 1.746200 3.757830 0.533290
0.391666 0.774749 2.010188 1.835179 3.280260 0.320483
0.124099 0.811944 2.612272 0.527969 2.077707 0.136328
0.252778 0.608074 0.362828 1.595738 0.763008 0.273405
0.431256 0.970854 3.514420 1.039672 2.375703 0.459486
0.423055 0.746102 0.686565 0.616272 0.677718 0.510128
0.292233 0.884298 3.130690 1.934376 2.815924 0.208500
0.133863 0.686703 1.690572 0.939651 3.779029 0.062517
0.350648 0.948531 2.992799 1.508259 1.230651 0.377625
0.321548 0.646968 3.730515 1.410448 1.705258 0.467181
0.187575 0.985139 1.025471 1.229336 3.315206 0.281100
0.235395 0.782733 2.388685 1.646911 2.337438 0.174806
0.455280 0.844538 1.354701 0.714747 1.137633 0.358962
0.463506 0.797937 3.198850 1.573714 3.576091 0.301343
0.245914 0.835741 0.486482 0.969584 1.437870 0.493202
0.180920 0.631749 2.928186 1.905519 0.467409 0.348393
0.309471 0.993970 1.886878 0.552625 3.015772 0.170014
0.368259 0.695529 1.086395 0.872314 2.555597 0.197945
0.147520 0.933311 3.537844 1.768956 0.945635 0.505351
0.276189 0.737303 1.282907 1.105483 1.901490 0.397884
0.407843 0.899497 2.592458 1.251805 3.101281 0.088552
0.449638 0.624146 1.612136 1.715901 1.400503 0.146897
0.265641 0.960975 2.206896 0.737869 3.949782 0.325276
0.107287 0.758644 0.768609 1.386891 2.642425 0.439243
0.377245 0.821839 3.912877 1.157898 0.503288 0.247384
0.345017 0.720278 2.779310 0.917261 0.965993 0.096202
0.164121 0.857082 1.974901 1.438536 2.168531 0.405534
0.211931 0.659414 3.343608 0.686978 3.490522 0.543845
0.478741 0.922586 0.401664 1.958666 1.877813 0.236439
0.483128 0.703198 1.721782 1.292943 2.441341 0.255747
0.201499 0.866368 3.019667 1.064311 0.828633 0.447598
0.172455 0.664013 0.658501 1.809831 2.011514 0.332428
0.343120 0.900818 3.099644 0.831427 3.214052 0.154057
0.384721 0.602378 2.420640 0.593059 3.706282 0.243613
0.106242 0.965574 1.381856 1.865119 1.567146 0.551011
0.270836 0.767930 3.702739 1.011197 0.340305 0.413905
0.438403 0.804758 0.995171 1.532113 2.889584 0.104581
0.403636 0.680969 3.791870 1.999473 1.072011 0.161782
0.286850 0.943165 0.845128 0.646206 2.271802 0.340153
0.139447 0.739345 2.334712 1.479790 3.381416 0.486167
0.370269 0.877125 1.527778 0.876019 1.771454 0.294315
0.302103 0.775564 0.273647 1.199397 1.282211 0.081509
0.182219 0.837782 3.428222 1.345358 3.830574 0.390833
0.240953 0.641604 2.096109 0.778372 2.764948 0.497097
0.474926 0.979410 2.702535 1.675386 0.626727 0.189699
0.456582 0.626555 0.796215 1.033209 3.152275 0.385996
0.228030 0.988358 3.943466 1.602189 1.952469 0.070895
0.198993 0.790641 1.580469 0.522685 0.894086 0.215674
0.316584 0.828812 2.179570 1.840429 2.504034 0.517295
0.361312 0.730376 3.371841 1.740486 2.949572 0.366113
0.129659 0.892206 0.432423 0.808682 0.401195 0.181965
0.294240 0.689922 2.747813 1.316901 1.503509 0.289464
0.414978 0.928118 1.948203 1.135418 3.641716 0.475538
0.430215 0.751803 2.842439 0.709394 1.826836 0.525036
0.260257 0.814584 1.796331 1.652275 3.439531 0.223415
0.112860 0.618527 3.287746 1.222988 2.220096 0.109418
0.396858 0.955721 0.572853 1.416831 1.017544 0.424519
0.325570 0.654158 1.197444 1.502168 0.569500 0.452450
0.158760 0.916962 2.502653 0.945731 2.708622 0.266376
0.217482 0.713019 1.176034 1.928731 3.884154 0.128097
0.498377 0.850239 3.624500 0.621882 1.334861 0.312245
0.497957 0.653160 0.929897 0.722457 1.675743 0.517764
0.217914 0.916354 3.868178 1.642130 3.345200 0.216135
0.159158 0.714023 1.450277 1.233339 2.308817 0.070362
0.325160 0.850853 2.251024 1.403516 1.166690 0.385471
0.396448 0.752416 3.505494 1.515197 0.707661 0.475013
0.113258 0.815588 0.357564 0.935643 2.786359 0.288932
0.260689 0.617920 2.617994 1.939163 3.808136 0.182426
0.429794 0.954723 2.019572 0.608555 1.202080 0.366582
0.415340 0.731032 3.001726 1.046650 3.250266 0.423964
0.293891 0.893252 1.695837 1.591689 2.107223 0.108856
0.129275 0.689261 3.124968 0.532704 0.733951 0.223785
0.361684 0.927065 0.677181 1.827514 2.404324 0.525414
0.316956 0.625501 1.356761 1.753870 2.868176 0.312623
0.198609 0.987696 2.401731 0.798217 0.259373 0.128467
0.227681 0.791688 1.012883 1.326932 1.647279 0.265814
0.456942 0.829469 3.728913 1.122423 3.728723 0.451895
0.474541 0.776471 1.881156 1.962720 0.995937 0.154488
0.241326 0.838299 2.918802 0.679994 2.138966 0.332866
0.182578 0.640703 0.495408 1.446207 3.519629 0.447104
0.301756 0.978900 3.204114 0.912520 1.849242 0.255245
0.369922 0.680460 2.579870 1.162633 1.370988 0.104079
0.139806 0.942265 1.281305 1.379227 3.979776 0.413410
0.287223 0.739860 3.539904 0.744846 2.613804 0.551449
0.403250 0.878030 1.099441 1.711852 0.532345 0.244044
0.438799 0.601813 3.925465 1.256591 2.585162 0.293723
0.270428 0.964619 0.770211 1.097767 0.915691 0.485582
0.105820 0.768488 2.204836 1.775894 1.930061 0.340561
0.385154 0.805707 1.599089 0.868306 3.072174 0.162183
0.343555 0.704147 0.407386 0.556627 3.546097 0.190100
0.172033 0.866927 3.352992 1.898587 1.467385 0.497505
0.201090 0.663057 1.965975 0.977294 0.438352 0.390248
0.483524 0.900253 2.774046 1.568934 3.044393 0.080916
0.478344 0.719281 3.098042 1.682318 1.253182 0.169584
0.212341 0.856475 0.645913 0.774370 3.859224 0.347954
0.164542 0.660417 3.032713 1.350138 2.734926 0.493697
0.344584 0.923199 1.723842 1.191686 0.656214 0.301845
0.376812 0.624760 0.985786 0.883736 1.100611 0.089055
0.107707 0.961979 3.697017 1.475003 2.242724 0.398379
0.266051 0.758036 1.387121 0.650214 3.410953 0.504913
0.449241 0.820841 2.429566 1.992535 1.741482 0.197515
0.408227 0.696186 1.537162 1.539777 3.677633 0.247976
0.275818 0.934358 2.340434 1.006462 1.596174 0.439828
0.147159 0.736640 0.839863 1.869167 0.310818 0.324867
0.368607 0.898444 3.782944 0.586081 2.919606 0.146496
0.309820 0.796884 2.704137 0.838411 2.470420 0.236038
0.180559 0.835079 2.108698 1.805777 0.800033 0.543436
0.245543 0.632796 3.415176 1.069051 2.041486 0.406118
0.463889 0.994625 0.271587 1.285273 3.184515 0.096795
0.454921 0.647874 2.174306 0.626623 0.598099 0.532822
0.235742 0.985654 1.571542 1.921061 2.679543 0.231201
0.187961 0.781834 3.952850 0.952714 3.913691 0.116993
0.321175 0.844029 0.801937 1.498114 1.304888 0.432094
0.350275 0.745592 1.935157 1.420879 1.797808 0.460011
0.134248 0.883398 2.745753 1.216010 3.468181 0.273937
0.292580 0.687219 0.434025 1.659940 2.190074 0.135867
0.422695 0.949438 3.384430 0.704659 1.047031 0.320015
0.431678 0.774184 0.585899 1.139426 2.978651 0.378180
0.252344 0.810989 3.289806 1.309963 0.372595 0.063079
0.123703 0.608633 1.794729 0.816399 1.533482 0.208129
0.392073 0.971804 2.829850 1.735700 3.612180 0.509750
0.336408 0.670240 3.629765 1.845210 3.123626 0.358584
0.153975 0.907068 1.184960 0.514974 1.981498 0.174436
0.218947 0.709424 2.493269 1.609121 0.864599 0.281662
0.490469 0.872621 1.191722 1.029206 2.534056 0.467736
0.491338 0.760059 2.385940 1.306295 3.841632 0.315340
0.224529 0.821889 1.315334 1.147477 1.292353 0.125888
0.151719 0.619606 3.740587 1.726184 0.614868 0.268983
0.332616 0.957800 1.057516 0.818602 2.754005 0.448806
0.389844 0.659366 1.678670 0.506924 2.291329 0.418963
0.119884 0.921169 2.958924 1.848878 1.088791 0.113965
0.253239 0.723451 0.691142 1.027003 1.751584 0.219297
0.437235 0.861624 3.171888 1.618637 3.364293 0.530073
0.420439 0.636975 0.314306 1.913010 1.549450 0.471968
0.288787 0.999779 3.487871 0.630291 3.687671 0.292145
0.135117 0.795836 2.066036 1.495911 2.907622 0.179833
0.355858 0.833056 2.631499 0.962230 0.359259 0.369285
0.322070 0.731492 3.827208 1.212342 0.819406 0.522376
0.193517 0.894273 0.914561 1.428930 2.429368 0.211601
0.233512 0.698216 2.296112 0.695143 3.224080 0.075488
0.451102 0.935410 1.462407 1.662143 2.024288 0.380486
0.467878 0.682063 3.309733 1.002806 2.689467 0.187506
0.247992 0.945260 0.389762 1.547839 0.551260 0.500208
0.175174 0.747617 2.820508 0.576554 1.353214 0.387204
0.309145 0.884444 1.979478 1.871359 3.901592 0.084131
0.363245 0.786006 0.729242 1.797715 3.427014 0.298847
0.146461 0.849176 3.910131 0.842067 1.817066 0.480596
0.279830 0.646821 1.644180 1.283081 1.029718 0.345175
0.410654 0.983626 2.216967 1.078578 2.229523 0.157649
0.443855 0.708378 1.265512 0.766307 0.411881 0.107247
0.265375 0.870597 2.538441 1.685974 2.961174 0.410320
0.111697 0.674418 1.111113 1.189495 3.631374 0.554167
0.379262 0.912224 3.584535 1.359666 1.492251 0.241466
0.348596 0.610662 2.901637 1.471347 1.969793 0.149998
0.166969 0.972857 1.838356 0.891798 3.172345 0.337524
0.206979 0.769037 3.218076 1.983008 2.487511 0.442103
0.477646 0.806817 0.542330 0.652406 0.874817 0.260355
0.485780 0.612715 2.093361 1.095564 3.298655 0.233350
0.204883 0.950497 2.663166 1.266107 1.685960 0.546044
0.171164 0.754489 0.283718 0.860255 1.154985 0.402920
0.337972 0.816683 3.460265 1.779562 2.357537 0.099855
0.384260 0.718244 2.322810 1.889071 2.805553 0.252946
0.100264 0.856049 1.493904 0.558830 0.666431 0.434687
0.272658 0.652057 3.796449 1.565266 1.241366 0.329387
0.442617 0.914277 0.886327 0.985345 3.790659 0.141869
0.402381 0.790592 3.654215 0.670479 2.089910 0.092129
0.281641 0.827396 0.968620 1.964923 3.289715 0.395194
0.142062 0.629728 2.476486 0.908853 2.363157 0.507476
0.373714 0.992900 1.401081 1.454258 0.753209 0.194782
0.303986 0.691338 0.604486 1.377024 0.307699 0.164940
0.186396 0.928167 3.082250 1.172149 2.856077 0.352458
0.240432 0.725836 1.768475 1.703801 3.738647 0.488603
0.468984 0.889031 3.044387 0.748514 1.600440 0.306862
0.462328 0.741932 1.142160 1.589498 2.178530 0.361147
0.228357 0.879127 3.612599 1.056177 0.978739 0.171703
0.194620 0.675257 1.238644 1.819452 1.868615 0.284737
0.314506 0.938037 2.507232 0.536361 3.478577 0.464553
0.357671 0.639602 3.248377 0.788689 3.967792 0.373085
0.126848 0.976821 0.570106 1.756061 1.419429 0.068094
0.299254 0.780690 2.874482 1.118767 0.485621 0.203486
0.416038 0.843496 1.806401 1.334994 2.623843 0.514255
0.425805 0.667285 2.730418 1.632603 0.925793 0.456812
0.258239 0.905456 1.894188 0.724649 2.538502 0.276996
0.118643 0.703050 3.396562 1.399859 3.120779 0.133180
0.397123 0.864856 0.479116 1.241401 1.918241 0.322624
0.330523 0.763291 1.553917 0.933451 1.426039 0.537341
0.159856 0.801488 2.131046 1.524725 3.565176 0.226572
0.213902 0.603892 0.815440 0.600493 3.026801 0.121964
0.495530 0.965720 3.999312 1.942819 0.477522 0.426955
0.494088 0.734674 1.634402 0.527750 2.761932 0.304011
0.215535 0.897283 2.240821 1.833907 0.621879 0.491531
0.161488 0.695000 0.734800 1.041334 1.284773 0.349641
0.329078 0.932416 3.889353 1.598452 3.834967 0.167898
0.398806 0.633975 2.811059 1.320531 3.371130 0.199680
0.117154 0.996562 2.004147 1.127381 1.759337 0.502747
0.256745 0.798845 3.316077 1.747104 1.081838 0.400065
0.427485 0.836234 0.369341 0.803542 2.283460 0.087369
0.417721 0.662360 3.226481 1.226578 0.352480 0.144811
0.297762 0.924384 0.518934 1.408833 2.899927 0.326553
0.125355 0.720442 2.896537 0.716063 3.694568 0.437662
0.359351 0.858442 1.857761 1.647083 1.557262 0.250142
0.313064 0.756881 1.120104 1.933836 2.016304 0.095109
0.196255 0.818880 3.561239 0.615319 3.217012 0.407804
0.229987 0.622823 1.260540 1.510242 2.437005 0.541271
0.460883 0.960800 2.558404 0.942045 0.826128 0.238204
0.470621 0.607457 0.714323 1.770938 3.894011 0.429929
0.238994 0.969871 3.162783 0.874708 1.346550 0.119159
0.184960 0.772226 1.658593 1.251265 0.559187 0.229515
0.305627 0.809837 2.963781 1.104532 2.696479 0.534508
0.372227 0.711400 3.764097 0.970901 2.222570 0.317849
0.143747 0.873791 1.049226 1.573887 1.021849 0.138032
0.283331 0.671435 2.366649 0.549866 1.823903 0.272251
0.400896 0.909020 1.320548 1.903905 3.434766 0.461697
0.441129 0.782986 2.271558 1.439442 1.499147 0.511436
0.274345 0.845987 1.471970 0.917845 3.639185 0.206443
0.101952 0.649807 3.847742 1.956319 2.954394 0.065245
0.382775 0.986830 0.908331 0.684952 0.404186 0.376015
0.339610 0.685267 2.042068 0.739530 0.882454 0.469422
0.169724 0.948243 2.641162 1.718615 2.494233 0.279976
0.203448 0.744422 0.334970 1.157678 3.164361 0.176602
0.487420 0.881422 3.482199 1.385619 1.962725 0.356419
0.476011 0.688108 2.865033 1.862383 2.334908 0.383306
0.208421 0.925108 1.831070 0.591376 1.133271 0.072528
0.168413 0.729099 3.254722 1.533361 1.708249 0.214449
0.346966 0.892075 0.549685 1.011393 3.320027 0.519450
0.380754 0.793639 1.228866 1.063747 3.769228 0.364416
0.110013 0.830664 2.531086 1.292060 1.219020 0.184592
0.263696 0.626672 1.147717 0.833478 0.687973 0.287246
0.445348 0.989672 3.591821 1.812202 2.828011 0.476699
0.412143 0.715200 0.824431 1.345207 0.774697 0.527100
0.278147 0.852786 3.976016 1.198102 2.385560 0.222099
0.144781 0.655117 1.548946 1.677024 3.268116 0.111021
0.364740 0.917506 2.151009 0.781155 2.067395 0.421799
0.307512 0.615944 3.404966 0.643791 1.623012 0.453581
0.176615 0.953553 0.455720 1.997469 3.760304 0.264128
0.249438 0.751221 2.725319 0.876947 2.833846 0.130633
0.466246 0.813636 1.913593 1.480305 0.286384 0.310457
0.452542 0.766546 3.819959 0.809610 3.500866 0.257410
0.231875 0.804522 0.878037 1.741002 1.889988 0.444938
0.191877 0.600652 2.303520 1.133002 0.956109 0.334552
0.323505 0.962652 1.499118 1.314898 2.156816 0.152802
0.354171 0.664212 0.306899 1.603828 2.645384 0.246209
0.136605 0.902213 3.451160 1.035992 0.508079 0.549284
0.290272 0.706083 2.073284 1.840278 1.397998 0.415096
0.418751 0.868107 2.668023 0.521390 3.945446 0.102393
0.435550 0.642670 1.744507 0.947781 1.896642 0.160497
0.254726 0.980061 3.054051 1.504539 3.098264 0.342247
0.121369 0.777657 0.625150 0.621319 2.559990 0.483416
0.388153 0.840241 3.076578 1.927848 0.948197 0.295889
0.334053 0.738681 2.451931 1.653524 0.455291 0.079230
0.150082 0.876094 1.410644 0.709589 3.005485 0.391934
0.222889 0.678499 3.674750 1.414095 3.587748 0.495340
0.492775 0.941110 0.962389 1.221305 1.447696 0.192265
0.488981 0.628548 3.549110 1.489153 1.174674 0.097687
0.220634 0.990964 1.075015 0.967551 2.315886 0.405087
0.155663 0.788632 2.573740 1.906614 3.337562 0.544360
0.334924 0.826241 1.301511 0.635241 1.669021 0.235035
0.393711 0.727803 0.505429 0.689820 1.208860 0.139701
0.122263 0.890192 3.180017 1.668910 3.815831 0.331554
0.250909 0.692523 1.875383 1.207383 2.779463 0.433003
0.433318 0.930110 2.939795 1.435329 0.699850 0.254631
0.424332 0.755644 1.957227 1.721232 2.397487 0.196467
0.291142 0.818644 2.797098 0.824997 0.726199 0.505792
0.132811 0.614652 0.412143 1.300976 2.114176 0.397362
0.351916 0.951676 3.333244 1.154237 3.258135 0.089962
0.319688 0.650115 2.196188 1.020605 3.720796 0.308546
0.189645 0.913092 1.622728 1.623597 1.640268 0.486918
0.237433 0.717083 3.930779 0.500155 0.266953 0.354626
0.453435 0.854082 0.750592 1.854200 2.874840 0.162772
0.465573 0.701074 2.594241 1.182726 1.841605 0.466720
0.244051 0.863685 2.028105 1.364988 3.512907 0.282570
0.179066 0.666090 3.524999 0.759909 2.146949 0.173387
0.311500 0.903504 0.352135 1.690935 1.003005 0.359463
0.367165 0.605068 1.427339 1.977688 0.525449 0.516422
0.148794 0.967653 2.259886 0.659166 2.605992 0.201319
0.277448 0.765249 0.949759 1.466395 3.986555 0.069778
0.406782 0.802640 3.863536 0.898193 1.378683 0.371401
0.447799 0.677209 1.037095 0.571595 3.079128 0.320940
0.267683 0.939232 3.719007 1.877758 1.937930 0.134864
0.109340 0.743102 1.335882 0.997482 0.908854 0.274829
0.375367 0.881103 2.407618 1.554606 2.577410 0.458979
0.346267 0.779538 3.149280 1.276685 3.051973 0.425271
0.163052 0.841538 0.667861 1.083529 0.445016 0.123648
0.210846 0.637669 2.981405 1.790956 1.459458 0.224405
0.480024 0.975645 1.701852 0.847388 3.539086 0.539508
0.481839 0.793885 0.444046 0.903924 0.633641 0.450973
0.202578 0.831861 3.360333 1.460676 2.713269 0.266816
0.173518 0.635804 1.929385 0.665182 3.881455 0.127573
0.341864 0.997803 2.766745 1.971706 1.274498 0.313656
0.386592 0.699368 3.962055 1.697380 1.719994 0.532240
0.104183 0.937368 0.777511 0.753452 3.388549 0.217129
0.268787 0.733425 2.168176 1.370232 2.264323 0.115649
0.440236 0.895450 1.591748 1.177448 1.123125 0.417279
0.404690 0.621581 2.484622 0.853473 2.941037 0.367601
0.285585 0.958971 1.215361 1.784859 0.333164 0.181517
0.138166 0.761254 3.635079 1.089145 1.574632 0.289978
0.371356 0.823840 1.165340 1.271035 3.655175 0.474135
0.300069 0.722275 1.785981 1.559965 3.207145 0.378802
0.184066 0.859690 2.852903 0.992135 2.063200 0.077172
0.242811 0.657408 0.590656 1.884135 0.777745 0.209433
0.472853 0.920017 3.270058 0.565252 2.449047 0.524544
0.458432 0.673263 1.364182 1.394923 1.327119 0.081963
0.225999 0.910263 2.438429 1.247824 3.935006 0.389371
0.196929 0.706442 1.005649 1.627302 2.656971 0.498523
0.318451 0.869417 3.692375 0.731439 0.576442 0.189190
0.360051 0.770979 3.008960 0.594073 1.068630 0.155482
0.130716 0.808002 1.732375 1.947746 2.212589 0.347343
0.295336 0.611823 3.117547 0.926670 3.446692 0.478912
0.413707 0.974824 0.640484 1.530022 1.775405 0.300532
0.428159 0.748796 3.439487 1.812661 3.590638 0.243150
0.262132 0.886381 0.262268 0.541660 1.511024 0.552483
0.114703 0.684024 2.683817 1.583077 0.394025 0.412488
0.394818 0.946415 2.114713 1.061115 3.000997 0.105080
0.326652 0.644854 0.864074 1.113470 2.511768 0.262039
0.157474 0.982464 3.773038 1.341777 0.843226 0.440419
0.216235 0.784820 1.516284 0.783761 2.004127 0.339691
0.499449 0.847234 2.346320 1.762479 3.145339 0.147831
0.498526 0.785201 3.367443 1.174177 2.275664 0.553108
0.216850 0.848372 0.451156 1.367648 1.074957 0.242340
0.156859 0.644503 2.759179 0.756723 1.767133 0.106196
0.327575 0.981308 1.921819 1.699965 3.378011 0.411187
0.393785 0.682868 0.785050 1.974979 3.826255 0.441045
0.115256 0.946064 3.969593 0.667770 1.278807 0.261229
0.261578 0.749934 1.584666 1.457402 0.630590 0.148947
0.429192 0.886762 2.161094 0.901336 2.767896 0.338391
0.413175 0.611514 1.207795 0.568572 0.833009 0.388131
0.296342 0.973710 2.477056 1.886677 2.444802 0.083140
0.129711 0.771306 1.172450 0.988815 3.210131 0.188441
0.360583 0.809086 3.642189 1.557424 2.008509 0.499209
0.317808 0.707525 2.845821 1.267718 1.563227 0.346102
0.197874 0.869743 1.778899 1.086606 3.703279 0.156658
0.225054 0.672149 3.277596 1.788176 2.893962 0.299782
0.459075 0.909955 0.598194 0.856012 0.343768 0.479597
0.471945 0.656947 2.445537 1.527480 3.442534 0.180708
0.243441 0.918751 1.371291 0.923349 1.830755 0.368226
0.183436 0.722742 3.684807 1.950289 1.014081 0.472835
0.300977 0.860914 0.998081 0.597395 2.215718 0.291094
0.370314 0.762478 1.739915 0.733979 2.705161 0.076362
0.138711 0.824307 3.016500 1.630620 0.565123 0.379427
0.285041 0.620315 0.633403 1.245284 1.337866 0.523243
0.405732 0.958510 3.110466 1.391605 3.888074 0.210549
0.439719 0.733861 0.254700 1.765065 1.955873 0.267992
0.269808 0.896643 3.431919 0.787033 3.156595 0.449733
0.103162 0.698974 2.121821 1.339191 2.501086 0.314341
0.387110 0.936168 2.690925 1.110198 0.890223 0.126823
0.341213 0.634605 3.765957 1.058526 0.398249 0.218306
0.174453 0.997410 0.856994 1.579802 2.945711 0.531000
0.201642 0.795078 2.353860 0.544249 3.645122 0.417965
0.482490 0.832298 1.523824 1.815936 1.507830 0.114900
0.480642 0.638795 1.082581 1.432744 2.819328 0.134231
0.209926 0.976014 3.556676 1.204111 0.682037 0.321757
0.163972 0.778369 1.294401 1.671496 1.227703 0.457870
0.345649 0.841175 2.566630 0.693092 3.775166 0.276122
0.375924 0.742739 3.187099 0.637829 3.312260 0.123015
0.108310 0.879935 0.512511 1.909889 1.701396 0.426088
0.268713 0.677578 2.932257 0.964963 1.141038 0.538399
0.447242 0.940358 1.867845 1.485878 2.341759 0.225698
0.407791 0.764147 2.789988 1.856743 0.292320 0.283803
0.276918 0.802343 1.950117 0.503476 2.842529 0.465551
0.149324 0.606164 3.340810 1.621055 3.754367 0.360220
0.366156 0.967992 0.419709 1.017285 1.614329 0.172694
0.312447 0.666429 1.615190 1.151697 2.074246 0.202552
0.178427 0.904600 2.188650 1.297658 3.275883 0.515253
0.244690 0.700778 0.757674 0.827536 2.378708 0.372158
0.464625 0.862583 3.937862 1.724550 0.766929 0.069085
0.454063 0.715829 2.035673 0.894874 3.954158 0.506609
0.236522 0.853633 2.601809 1.463854 1.403964 0.195834
0.190556 0.651351 0.345027 0.662485 0.499367 0.091255
0.319061 0.913571 3.517891 1.980229 2.639420 0.396253
0.352458 0.615131 2.266966 1.694251 2.164612 0.487736
0.131766 0.952912 1.434419 0.762447 0.962989 0.307913
0.292187 0.755195 3.855996 1.361671 1.882192 0.164065
0.423790 0.817389 0.942219 1.180188 3.493985 0.353517
0.434336 0.693704 3.711898 0.850659 1.441731 0.403919
0.250389 0.930534 1.029986 1.793541 3.579037 0.098920
0.122783 0.726591 2.415186 1.080258 3.011451 0.234341
0.392694 0.889787 1.343450 1.274101 0.464003 0.545117
0.335856 0.788226 0.660321 1.551333 0.941315 0.330386
0.155008 0.825029 3.141740 0.994895 2.552193 0.140934
0.221289 0.628973 1.708933 1.881032 3.105144 0.253938
0.488048 0.992144 2.988486 0.574182 1.904438 0.433760
0.493429 0.679607 1.823532 1.808927 0.692082 0.343539
0.221956 0.941412 2.857494 0.830889 2.772611 0.159390
0.151014 0.737591 0.556768 1.295335 3.823599 0.296708
0.333399 0.875762 3.261804 1.066336 1.215712 0.482782
0.388673 0.777324 2.523976 1.014665 1.660337 0.393225
0.120352 0.839152 1.221756 1.535946 3.331625 0.078124
0.255744 0.642972 3.599387 0.588104 2.324568 0.193084
0.435030 0.981168 1.155283 1.859797 1.180610 0.494705
0.419796 0.704951 3.983098 1.483624 2.881693 0.444243
0.289730 0.867731 0.831513 0.879487 0.274722 0.258169
0.137147 0.665375 2.143471 1.994151 1.633416 0.151635
0.353125 0.902571 1.541408 0.641251 3.713030 0.335783
0.324416 0.601009 0.463286 0.777834 3.264071 0.548589
0.191250 0.963815 3.412532 1.674481 2.122859 0.246968
0.232502 0.766171 1.906483 1.201423 0.720262 0.101226
0.451631 0.803389 2.718209 1.347750 2.388804 0.416327
0.466885 0.750046 0.870497 0.518851 1.386479 0.220993
0.248490 0.813218 3.812419 1.836962 3.993436 0.528391
0.177563 0.617161 1.506199 1.038531 2.598196 0.421164
0.306873 0.953965 2.310601 1.607145 0.518568 0.111840
0.365269 0.655529 3.444051 1.317439 1.011716 0.263021
0.143772 0.918724 0.299790 1.136322 2.152914 0.454872
0.279156 0.714782 2.675591 1.738460 3.504195 0.309823
0.411614 0.851611 2.080852 0.806290 1.835639 0.131452
0.446378 0.627920 3.061131 1.223892 3.532206 0.073287
0.263139 0.990114 1.751587 1.417369 1.451663 0.382611
0.110570 0.792397 3.069038 0.707002 0.451898 0.520680
0.379724 0.830179 0.617610 1.650250 3.059770 0.213282
0.347886 0.728613 1.418212 1.925264 2.571444 0.185351
0.167795 0.890834 2.459499 0.618048 0.900142 0.363721
0.209039 0.688551 0.955281 1.507124 1.943895 0.477930
0.475090 0.926356 3.667642 0.951052 3.087839 0.286079
0.486484 0.744736 2.233739 0.800955 1.114414 0.205145
0.204100 0.882542 1.627320 1.743831 2.258358 0.512550
0.169072 0.684947 3.896891 1.129968 3.397262 0.375203
0.340545 0.947165 0.742338 1.323805 1.725960 0.065872
0.381754 0.648730 1.996581 1.601036 1.266701 0.278678
0.102469 0.986510 2.803493 1.044604 3.874574 0.470536
0.273828 0.784105 0.376451 1.831323 2.721065 0.355607
0.442150 0.846301 3.323187 0.524479 0.640522 0.177229
0.400351 0.671047 0.526472 0.944583 2.455012 0.119846
0.284373 0.907875 3.234019 1.513558 0.786457 0.429177
0.142705 0.711745 1.850678 0.612781 2.057235 0.535682
0.372772 0.874942 2.889455 1.930520 3.198433 0.228277
0.304997 0.773377 3.568350 1.644542 3.662055 0.138720
0.185867 0.810182 1.127214 0.712744 1.582428 0.317098
0.238086 0.606312 2.550838 1.411375 0.326283 0.462871
0.471252 0.969483 1.252974 1.229897 2.933240 0.271013
0.459939 0.622393 3.155702 1.900587 1.784088 0.327668
0.230629 0.959613 0.707243 0.547326 3.452630 0.143512
0.195613 0.757281 2.971321 1.577205 2.203906 0.250769
0.314008 0.820085 1.666133 0.973440 1.062694 0.436851
0.358345 0.721648 1.041658 1.107852 0.584210 0.408919
0.125888 0.858841 3.756530 1.253807 2.663823 0.093810
0.297229 0.661173 1.327656 0.871387 3.927238 0.238831
0.418727 0.923954 2.373757 1.768395 1.320267 0.540459
0.426931 0.799299 1.479510 1.388894 3.139403 0.490780
0.257778 0.837495 2.279098 1.160267 1.995444 0.304698
0.116121 0.633503 0.901250 1.715340 0.849163 0.166659
0.399360 0.995332 3.840662 0.736942 2.520451 0.350815
0.328463 0.693770 2.648270 0.681680 2.994144 0.501996
0.162411 0.931943 2.049176 1.953734 0.386257 0.200368
0.214612 0.735934 3.474631 0.921118 1.517876 0.086130
0.494703 0.897737 0.327402 1.442027 3.598405 0.401239
0.496148 0.604212 2.655628 0.982027 1.193368 0.277806
0.212982 0.966797 2.085823 1.562726 3.802170 0.456186
0.160776 0.762977 3.467347 0.562148 2.795071 0.323924
0.329905 0.800367 0.290800 1.891611 0.713626 0.132064
0.397680 0.701930 1.486794 1.782883 1.158894 0.227382
0.117614 0.864541 2.315700 0.862798 2.301937 0.536715
0.259269 0.668362 0.893893 1.262786 3.352996 0.428255
0.425248 0.905776 3.804015 1.093021 1.682624 0.120848
0.417046 0.780345 0.975702 0.751790 3.734688 0.170527
0.298724 0.842346 3.661298 1.706390 1.655990 0.362387
0.127377 0.639990 1.393543 1.168873 0.253407 0.463867
0.356663 0.977965 2.468948 1.374435 2.859463 0.285487
0.315454 0.676402 3.089816 1.450986 2.411205 0.066918
0.193981 0.938425 0.612052 0.906267 0.741748 0.374325
0.228996 0.740781 3.037277 1.968195 2.100342 0.513569
0.461381 0.878783 1.761365 0.673065 3.242470 0.204236
0.469612 0.725436 3.605059 1.332407 0.541028 0.394569
0.239521 0.887826 1.134620 1.115493 2.619740 0.092939
0.187307 0.691768 2.514312 1.758649 3.971092 0.193666
0.303359 0.929354 1.245724 0.791963 1.365051 0.508777
0.374256 0.630915 0.562998 0.538945 1.857010 0.351833
0.141017 0.993330 3.241269 1.822723 3.526482 0.165749
0.282686 0.789387 1.813968 1.053593 2.131198 0.305745
0.401840 0.826996 2.882049 1.586227 0.989085 0.489903
0.443635 0.652530 1.901269 1.945358 3.038456 0.547285
0.272138 0.915507 2.737499 0.603810 0.429668 0.232174
0.100784 0.717790 0.471576 1.522186 1.473321 0.100604
0.383242 0.854788 3.389022 0.930135 3.554779 0.402234
0.338904 0.753229 2.138614 1.238860 3.065322 0.435928
0.170509 0.816228 1.561485 1.396540 1.922293 0.251770
0.205538 0.613945 3.992203 0.727190 0.922543 0.142618
0.484847 0.950970 0.808332 1.635922 2.592930 0.328701
0.476723 0.770126 1.308251 1.616099 1.733713 0.409503
0.207594 0.807149 2.378857 1.023687 3.404100 0.107880
0.166354 0.609554 1.065054 1.851416 2.250491 0.240173
0.349519 0.972555 3.748125 0.510240 1.107462 0.555276
0.378229 0.674115 2.951358 0.821143 0.647531 0.336707
0.112251 0.911116 1.671104 1.729503 2.728989 0.150631
0.264821 0.708711 3.178999 1.144936 3.867907 0.259062
0.444888 0.871686 0.698252 1.302976 1.259119 0.443212
0.410121 0.645658 3.495409 1.664730 3.191367 0.501376
0.280836 0.983268 0.321845 0.698417 2.049254 0.186273
0.145455 0.787138 2.624417 1.426343 0.793181 0.084824
0.363777 0.849552 2.058953 1.209068 2.462652 0.386447
0.308502 0.747992 0.921671 0.959646 2.925544 0.481765
0.176118 0.885576 3.834318 1.492640 0.319502 0.297615
0.247048 0.681707 1.454841 0.632875 1.590238 0.158342
0.468521 0.944097 2.288547 1.916281 3.668950 0.344418
0.450194 0.696998 0.382681 1.075303 1.054826 0.292778
0.234143 0.934998 3.302652 1.280493 2.196954 0.471151
0.192887 0.732667 1.987018 0.845342 3.460383 0.370393
0.322978 0.894691 2.828048 1.800303 1.790927 0.178540
0.354816 0.796254 3.902563 1.874631 1.313600 0.212233
0.135662 0.834231 0.721674 0.579140 3.919656 0.521559
0.288242 0.636563 2.224076 1.544567 2.670832 0.381595
0.421482 0.998562 1.651288 1.000220 0.592134 0.074195
0.436717 0.724694 2.545981 0.655724 2.527175 0.124656
0.254260 0.862109 1.273052 1.985547 0.856803 0.316509
0.118863 0.658117 3.577455 0.888480 1.988379 0.448049
0.390361 0.920727 1.104032 1.468807 3.131421 0.269676
0.331964 0.619163 1.845464 1.356345 3.606215 0.112732
0.152654 0.956552 2.908745 1.186952 1.524771 0.420132
0.223594 0.760545 0.534762 1.689295 0.378561 0.529316
0.491989 0.823130 3.210509 0.768850 2.987363 0.219990
0.489533 0.710593 0.653023 1.989215 3.355609 0.064186
0.219598 0.872984 3.105152 0.647673 1.745647 0.376889
0.153323 0.669114 1.716276 1.478323 1.097474 0.510385
0.337344 0.906699 3.025147 0.886277 2.297265 0.207310
0.391053 0.608264 3.704555 1.195003 2.746238 0.175543
0.124220 0.970678 0.993325 1.352677 0.608017 0.357293
0.251827 0.774547 2.422484 0.771053 1.300121 0.468371
0.432699 0.812157 1.380038 1.679779 3.848485 0.280843
0.422150 0.686124 2.332867 1.288544 2.030224 0.230442
0.293622 0.949099 1.529596 1.071636 3.232762 0.533517
0.133206 0.746694 3.790054 1.802506 2.423431 0.430863
0.350820 0.883694 0.846973 0.835827 0.810722 0.118160
0.320545 0.782129 2.101615 0.582807 0.366112 0.273178
0.188869 0.845131 2.697054 1.866580 2.915390 0.460706
0.234835 0.647535 0.279126 1.009736 3.680820 0.318784
0.455551 0.984558 3.422714 1.542364 1.541683 0.137034
0.462944 0.631560 1.578650 0.702073 2.238235 0.438537
0.246185 0.994146 2.181414 1.656668 1.035683 0.249083
0.179917 0.798138 0.794369 1.218596 1.808354 0.145677
0.310765 0.835528 3.945282 1.424151 3.421048 0.325502
0.367602 0.737089 2.753293 1.500703 3.909389 0.542145
0.147691 0.899698 1.942697 0.955990 1.360096 0.237145
0.275285 0.695707 3.377350 1.918472 0.543465 0.095976
0.409232 0.933122 0.426945 0.623347 2.682587 0.406753
0.448687 0.759248 3.282238 1.031749 0.868851 0.348649
0.267083 0.821246 0.578331 1.612443 2.478799 0.168825
0.106674 0.623578 2.836959 0.512432 3.178310 0.303012
0.377366 0.961555 1.801837 1.841889 1.978504 0.492466
0.343969 0.659993 1.177879 1.733160 1.485371 0.399073
0.165465 0.922018 3.622684 0.813080 3.623577 0.088296
0.211418 0.719687 1.199262 1.312503 2.968055 0.198682
0.478959 0.857686 2.500810 1.142744 0.419677 0.503682
0.484178 0.663408 3.875744 0.606013 3.782862 0.484468
0.200158 0.901409 0.937463 1.935842 1.234484 0.295022
0.172965 0.703766 2.243914 0.938185 0.674226 0.161556
0.342900 0.865789 1.443167 1.518518 2.812433 0.341373
0.385675 0.767350 0.364646 1.406055 2.348826 0.496391
0.104802 0.805325 3.512576 1.236657 1.149020 0.191398
0.271446 0.602970 2.012034 1.639590 1.694672 0.080289
0.438279 0.964970 2.610456 0.719139 3.304620 0.391059
0.404295 0.739533 1.688727 1.125009 1.607321 0.333617
0.286682 0.876947 2.994616 1.330204 3.746443 0.153800
0.140348 0.680768 0.684747 0.795631 2.849196 0.256483
0.368877 0.943379 3.132534 1.750598 0.299903 0.445929
0.302667 0.641817 2.394193 1.824926 0.759175 0.414162
0.181951 0.979208 1.349222 0.529429 2.371870 0.103392
0.241954 0.775387 3.735995 1.594278 3.283751 0.245282
0.473630 0.837972 1.019965 1.049925 2.081199 0.550275
0.457582 0.791221 2.926370 1.708582 2.631609 0.110154
0.226734 0.828246 1.888724 0.742262 0.492473 0.422850
0.199557 0.625962 3.197005 1.382497 1.411660 0.526225
0.316317 0.988962 0.488300 1.165217 3.960939 0.223158
0.362213 0.690527 1.288386 0.915794 3.487261 0.129766
0.128266 0.927526 2.586951 1.448794 1.874552 0.311509
0.294900 0.729808 1.091901 0.676721 0.970056 0.452707
0.414810 0.892785 3.532364 1.960133 2.172594 0.265187
0.430824 0.618313 0.763103 1.572253 0.470670 0.215448
0.260132 0.955923 3.918357 0.979835 3.019033 0.518515
0.113815 0.751979 1.606657 1.895267 3.572028 0.384297
0.395418 0.814394 2.212403 0.554086 1.433807 0.071601
0.326080 0.712830 3.345452 0.864989 1.912305 0.288244
0.158540 0.850416 0.399846 1.773355 3.112097 0.475764
0.218532 0.654359 2.781126 1.101084 2.544439 0.365407
0.497037 0.916748 1.973055 1.259130 0.934477 0.183664
