#    WDM      SN1      SN2      AGN
0.064895 1.008202 0.674483 0.314740
0.469749 0.824793 1.455380 1.295359
0.343330 3.826109 0.798417 0.952282
0.191186 0.314092 1.217922 3.742622
0.239441 2.005988 1.888808 2.661029
0.424219 0.414536 0.520432 0.655322
0.550515 1.902513 1.115998 1.763622
0.113018 0.631665 0.870116 0.452438
0.131344 2.855736 1.037709 0.575914
0.511926 0.291187 0.941523 2.369836
0.377108 1.351014 1.756194 0.366006
0.266034 0.889520 0.563129 1.438690
0.217903 1.420247 0.726464 1.022745
0.296334 0.585504 1.346664 0.251913
0.431028 2.686701 0.613712 3.227062
0.083081 0.447294 1.609326 0.827736
0.072321 2.380478 0.980520 1.934664
0.444474 0.494020 1.080691 0.490807
0.318053 1.596382 0.586479 2.452172
0.198615 0.532305 1.829013 0.597588
0.281034 1.196664 1.402510 0.877544
0.367837 0.982727 0.756591 3.412879
0.494127 3.211148 1.675994 0.345266
0.154617 0.264631 0.639135 1.405204
0.123980 1.685660 1.523956 2.973780
0.537138 0.697648 0.706264 0.754812
0.402319 2.254779 1.275255 1.121934
0.258672 0.376873 0.836002 0.273276
0.176368 3.389005 0.544934 0.401504
0.352658 0.347005 1.977733 1.560690
0.487346 1.133672 0.911120 0.530716
0.041552 0.749569 1.168589 2.161041
0.035591 3.902352 1.684824 1.330122
0.481195 0.307955 0.552307 0.327537
0.346632 1.073828 1.008125 3.528284
0.170026 0.774384 0.934314 0.905219
0.252458 1.940033 0.602660 0.629612
0.396422 0.619448 1.546089 2.591920
0.530861 2.136095 0.720022 0.476041
0.117892 0.389289 1.306454 1.870443
0.160640 1.377712 0.778547 2.045920
0.500471 0.872277 1.213925 0.504060
0.373797 3.041095 0.651686 1.613192
0.287187 0.273441 1.436619 0.413676
0.204894 2.740131 1.113989 0.287872
0.324139 0.438575 0.849579 1.184468
0.450689 1.512625 1.861710 0.732227
0.078216 0.549742 0.502186 2.878472
0.093504 1.634841 1.264279 0.438977
0.441130 0.519786 0.810841 1.706803
0.306566 2.545711 1.496147 0.690210
0.227942 0.461951 0.678690 2.809809
0.276201 3.287757 0.884778 3.867851
0.387468 0.258463 1.160143 0.981321
0.521901 1.279482 0.523014 1.226554
0.141641 0.919125 1.938924 0.298883
0.102788 2.308676 0.578316 0.802701
0.540474 0.368075 1.764164 3.120451
0.413798 1.802391 0.978353 0.265459
0.229337 0.652467 1.055644 1.080842
0.181209 1.160931 1.618956 1.487584
0.333035 0.731969 0.631063 0.377486
0.459580 3.624100 1.367969 2.242820
0.054537 0.324493 0.753925 0.546437
0.053278 2.114361 1.339166 3.213966
0.464408 0.401903 0.737988 0.783064
0.329704 1.957652 1.582591 1.066575
0.188110 0.600716 0.616940 0.270660
0.236748 1.063080 0.956458 0.372514
0.410977 0.799340 1.031931 1.516684
0.545813 3.935812 0.566091 0.562826
0.102039 0.298796 1.727019 2.187897
0.144939 1.492935 0.512305 1.746924
0.515032 0.569191 1.899384 0.425704
0.388759 2.772049 0.865563 2.759994
0.271341 0.424235 1.134851 0.700279
0.222571 3.003022 1.463530 0.963971
0.307346 0.282970 0.663951 3.924084
0.433752 1.393525 1.238497 0.305923
0.096293 0.843901 0.794239 1.189414
0.077467 1.268579 1.988808 0.513067
0.456028 0.947321 0.536424 2.016858
0.321318 3.321064 1.188331 0.404242
0.212304 0.250388 0.906352 1.663213
0.294087 2.522745 0.695235 1.157411
0.370466 0.476366 1.532490 0.296810
0.505300 1.651682 0.831627 2.929807
0.159381 0.503462 1.296799 0.721852
0.120681 3.582897 0.768592 0.331979
0.523482 0.335412 1.394700 1.304326
0.397203 1.175675 0.642497 0.878747
0.247088 0.707305 1.648150 3.617316
0.165165 1.781601 1.074674 2.515973
0.347923 0.674536 0.996074 0.645538
0.474326 2.339173 1.798628 1.895702
0.038890 0.355490 0.589564 0.466835
0.048931 1.840585 0.854627 0.745247
0.484557 0.638930 1.096224 3.034519
0.358029 2.075942 0.510497 0.281330
0.175587 0.409338 1.852597 1.093533
0.257381 3.700927 1.194566 1.606645
0.407180 0.317756 0.783172 0.391350
0.533840 1.043891 1.429586 2.133598
0.130849 0.814039 0.662473 0.541570
0.149278 2.606733 1.571144 0.481884
0.494876 0.451138 0.599101 1.961132
0.360427 1.466045 1.312880 0.611974
0.283855 0.579631 0.708299 2.379932
0.201945 1.310134 0.549045 3.494878
0.311152 0.897619 1.712127 0.851732
0.445733 2.948338 0.919102 1.379590
0.067492 0.288218 1.013084 0.350007
0.089950 3.101427 0.627337 2.313743
0.427729 0.268121 1.645192 0.593494
0.301195 1.237115 0.741650 1.465587
0.216612 0.971413 1.374698 0.361003
0.265253 1.542621 1.792753 0.256632
0.382479 0.539053 0.574901 1.008729
0.509137 2.460518 1.060836 0.808175
0.138723 0.488414 0.962424 3.325436
0.108189 1.098089 1.141641 1.258467
0.551774 0.757273 0.890035 0.322865
0.417318 3.494676 1.929433 3.789957
0.242772 0.343881 0.531670 0.933392
0.194007 2.184385 0.815659 0.663648
0.335919 0.380684 1.244117 2.608096
0.470498 1.737336 0.689923 0.439579
0.059556 0.691718 1.488823 1.809043
0.060014 3.068328 0.824234 0.364885
0.472963 0.276948 1.284808 1.418889
0.338512 1.363464 0.697219 0.574591
0.194593 0.862508 1.537416 2.338607
0.244259 1.525850 1.178913 3.290263
0.420813 0.556912 0.899454 0.834685
0.555396 2.713050 1.992543 1.041804
0.109804 0.433460 0.537262 0.253919
0.136153 1.086381 1.812977 0.943762
0.508511 0.782195 0.594054 3.668082
0.381981 3.851555 1.072692 0.312478
0.262811 0.305332 0.994596 1.272459
0.213030 2.160615 0.648309 1.789355
0.299556 0.393300 1.663585 0.454155
0.426219 1.915664 0.766365 2.694617
0.086495 0.613884 1.390216 0.656420
0.068906 1.820499 0.567340 1.129771
0.449282 0.660124 1.731451 0.278263
0.314829 2.288905 0.949831 3.001406
0.203487 0.363298 1.024412 0.769954
0.284258 3.661583 1.588700 0.524144
0.362965 0.328204 0.619126 2.157256
0.497542 1.150555 1.327694 0.395693
0.149808 0.722746 0.731899 1.554927
0.127196 2.578257 1.233643 2.458051
0.532258 0.466109 0.791410 0.605514
0.405726 1.616460 1.476253 1.940445
0.253856 0.514431 0.669482 0.497695
0.172961 1.296221 0.863667 0.338862
0.357474 0.927120 1.132006 1.394456
0.484130 3.249559 0.515863 0.860903
0.046433 0.255898 1.913183 3.383638
0.040408 1.338907 1.063495 1.645477
0.477789 0.878328 0.964530 0.417536
0.351514 2.885342 1.779801 2.083170
0.166811 0.294511 0.570928 0.507603
0.247577 2.663646 0.744295 0.729555
0.399637 0.441499 1.380099 2.836702
0.526044 1.434541 0.622146 0.287380
0.121298 0.592362 1.630994 1.169747
0.155767 3.781570 0.687478 3.577655
0.503694 0.310981 1.483076 0.907966
0.368988 1.021416 0.822437 1.347706
0.290601 0.831953 1.254855 0.328335
0.209703 1.881086 1.924467 0.471980
0.320725 0.625172 0.530492 1.834892
0.455563 2.031672 1.150011 0.624825
0.074993 0.418257 0.896237 2.543737
0.096728 2.232546 1.416333 0.261972
0.436258 0.372471 0.656539 1.078307
0.309981 1.700359 1.198433 0.791688
0.223133 0.706759 0.785458 3.110779
0.272786 1.121969 0.506642 2.260597
0.392277 0.741156 1.837946 0.556644
0.518677 3.419289 0.855907 1.500003
0.146513 0.351464 1.098262 0.384895
0.099382 1.576368 0.926163 0.678040
0.545291 0.527514 1.021192 2.789506
0.410582 2.407745 0.548195 0.430251
0.234217 0.499120 1.708933 1.691459
0.184425 3.169404 1.325152 1.228556
0.328155 0.262370 0.714663 0.302667
0.462987 1.210631 1.566125 3.882373
0.049720 0.992662 0.597401 0.995686
0.057131 1.451499 1.671770 2.720287
0.460166 0.572897 0.637754 0.697635
0.333494 2.629407 1.412748 1.725140
0.183675 0.457040 0.761839 0.424994
0.232958 2.917962 0.584382 0.308686
0.415411 0.284978 1.821898 1.213578
0.541960 1.321926 0.988723 0.970952
0.106282 0.909094 1.090078 3.994683
0.141142 2.049784 0.914340 1.046082
0.519458 0.405680 1.173141 0.268408
0.384898 1.861630 0.540453 3.155153
0.275575 0.645538 1.960765 0.776880
0.226432 1.030344 1.278518 0.564558
0.303112 0.807068 0.837875 2.218417
0.437549 3.744359 1.512897 0.373374
0.091867 0.320949 0.701361 1.536929
0.081894 3.463286 1.126464 0.895351
0.452232 0.339562 0.877960 3.645215
0.325554 1.109402 1.882672 0.338394
0.208444 0.765965 0.518927 1.315605
0.289852 1.722536 0.804508 1.891178
0.374326 0.682713 1.227603 0.460722
0.500873 2.206418 0.673459 2.508491
0.163178 0.385134 1.452710 0.636600
0.116437 1.222687 0.609046 0.409308
0.527335 0.961812 1.596518 1.666139
0.392768 3.141877 0.727577 0.520599
0.250876 0.270466 1.349212 2.024344
0.169600 2.432962 1.739970 2.909497
0.344135 0.483363 0.558104 0.708913
0.478570 1.562405 1.041015 1.146764
0.035038 0.543881 0.944222 0.290971
0.045142 2.800075 0.527717 0.617242
0.488991 0.429187 1.956980 2.426030
0.354175 1.480182 0.882243 0.485578
0.179830 0.561792 1.156451 1.998268
0.261235 1.407909 1.508133 1.360545
0.402937 0.853567 0.683881 0.348950
0.537629 2.975991 1.261883 3.449263
0.126415 0.279423 0.809596 0.849666
0.153139 1.982806 1.357168 0.282362
0.490641 0.606084 0.748210 1.109629
0.364224 2.090631 1.621909 0.746528
0.279429 0.397754 0.632014 3.072691
0.198148 3.987215 0.969603 2.091724
0.315578 0.301401 1.045826 0.536566
0.441872 1.050663 0.579984 1.577908
0.071727 0.791458 1.769888 0.388620
0.085714 1.186228 0.718421 3.783802
0.431589 0.716361 1.303135 0.921718
0.296768 3.546071 0.606877 1.253767
0.220409 0.331634 1.557402 0.318205
0.269680 2.359477 1.004225 0.447467
0.378682 0.360149 0.931035 1.822220
0.513372 1.763955 1.699414 0.677104
0.134863 0.666684 0.556890 2.631770
0.112624 3.359960 1.868998 1.454070
0.547985 0.252908 0.503992 0.354381
0.421562 1.252144 1.104412 2.294599
0.238920 0.939191 0.842543 0.582066
0.189764 1.670535 0.653104 0.818929
0.339771 0.508681 1.440261 3.333269
0.466063 2.491005 0.773194 0.260200
0.063345 0.472097 1.205144 1.011871
0.062528 2.509061 1.951397 0.842479
0.467525 0.469020 0.526379 3.457623
0.340867 1.678062 1.153515 0.346263
0.189059 0.506738 0.879724 1.364654
0.237824 1.247348 0.682158 1.982711
0.422267 0.943435 1.503790 0.487086
0.548802 3.338104 0.807263 2.405715
0.111162 0.254739 1.258699 0.618685
0.133775 1.771610 0.750124 0.387156
0.514085 0.664251 1.361073 1.589216
0.379507 2.376173 0.633834 0.535675
0.268226 0.357862 1.626064 2.110811
0.219584 3.523585 1.048851 3.067326
0.298222 0.333977 0.972058 0.753405
0.432677 1.181886 1.774375 1.105544
0.085001 0.719476 0.581664 0.284361
0.070400 1.046865 1.299806 2.636363
0.442824 0.794869 0.716358 0.670922
0.316164 3.962090 1.552934 1.828961
0.196932 0.303517 0.605328 0.444322
0.278843 2.105330 0.928346 0.319410
0.365440 0.395244 1.001686 1.244848
0.491968 1.991332 0.555484 0.923247
0.152187 0.603900 1.694512 3.749578
0.125837 2.956733 0.505435 1.019813
0.538852 0.281431 1.873756 0.259396
0.404272 1.402587 0.844686 3.361409
0.260290 0.857394 1.107572 0.817016
0.178495 1.486800 1.443904 0.587031
0.355120 0.559673 0.654992 2.289042
0.489569 2.820228 1.208625 0.357132
0.043919 0.426405 0.775148 1.449697
0.033687 1.569144 0.635911 3.966592
0.479530 0.541916 1.667539 0.974542
0.344697 2.450035 0.759909 1.202503
0.168393 0.480316 1.408662 0.309225
0.250314 3.122036 1.817257 0.421151
0.393975 0.272366 0.582709 1.728010
0.528685 1.218283 1.086954 0.692671
0.115477 0.965949 0.986202 2.730574
0.162608 2.222281 1.176099 1.533341
0.502072 0.382643 0.916975 0.376528
0.375669 1.730251 1.966422 2.211552
0.288884 0.680130 0.541817 0.568987
0.207101 1.105217 0.840276 0.774541
0.326522 0.769389 1.281776 3.179638
0.452802 3.440849 0.703150 0.267759
0.080695 0.342007 1.517237 1.055005
0.091027 3.719952 0.875749 0.638522
0.439019 0.323275 1.123224 2.489167
0.304183 1.026411 0.517436 0.461839
0.225735 0.810707 1.877936 1.875188
0.274503 1.870043 1.224091 1.318685
0.385595 0.643066 0.802461 0.335561
0.520299 2.064614 1.449017 3.656524
0.139672 0.403039 0.671534 0.888379
0.105203 1.317098 1.601149 0.293628
0.542649 0.913036 0.610593 1.144862
0.416244 2.899437 1.352636 0.713991
0.231480 0.286995 0.729685 2.898532
0.182843 2.647992 0.559530 2.038674
0.334972 0.454144 1.744972 0.518681
0.461245 1.457809 0.946933 1.681489
0.056442 0.570800 1.043673 0.408595
0.051581 1.202804 0.967300 1.171792
0.462536 0.999802 1.066211 0.284757
0.328103 3.157407 0.572387 2.847187
0.186142 0.263545 1.784917 0.724426
0.234269 2.418497 1.383601 0.509523
0.408865 0.497235 0.746452 2.068346
0.543430 1.587722 1.635725 0.418230
0.099832 0.524097 0.623726 1.630599
0.146573 3.406909 1.479307 2.563694
0.516968 0.352976 0.685513 0.622891
0.390424 1.114905 1.251265 1.850388
0.273244 0.746362 0.820345 0.470879
0.224986 1.712323 0.528968 0.331136
0.309522 0.702303 1.919626 1.344446
0.436198 2.242134 0.893980 0.915011
0.098437 0.371127 1.146703 3.566886
0.075324 2.040500 0.658214 0.381640
0.453582 0.416734 1.420396 1.503643
0.319143 1.894387 0.787709 0.552356
0.209891 0.621199 1.201487 2.267417
0.292182 1.014934 1.843248 3.086551
0.368800 0.837825 0.507921 0.794145
0.503363 3.767748 1.101031 1.069281
0.157747 0.312335 0.858374 0.262585
0.122887 1.444931 1.018265 0.991931
0.525864 0.588498 0.923802 3.910184
0.399314 2.675662 1.704580 0.302165
0.249565 0.439815 0.546625 1.239770
0.167134 2.874307 0.712852 1.688510
0.349525 0.295843 1.321320 0.434215
0.476199 1.330189 0.595675 2.779226
0.040588 0.884682 1.562161 0.682838
0.046740 3.237709 1.288518 0.254686
0.482158 0.257009 0.826317 1.033781
0.355869 1.287984 1.541305 0.836707
0.173156 0.933677 0.699235 3.262436
0.255461 1.627876 0.901741 2.344078
0.405531 0.511169 1.182285 0.569779
0.531952 2.589481 0.538800 1.423294
0.129168 0.464404 1.997615 0.362045
0.151406 1.143050 0.592553 0.662411
0.497339 0.727980 1.807747 2.690140
0.362650 3.647626 0.991725 0.457409
0.286222 0.329685 1.069980 1.782615
0.203801 2.299261 1.658812 1.281469
0.312865 0.361909 0.646654 0.311327
0.447685 1.833660 1.386665 3.701867
0.069109 0.655824 0.764164 0.942116
0.088332 1.929446 1.735840 1.543996
0.425776 0.609915 0.568983 0.397157
0.299481 2.170282 1.027375 2.137565
0.214755 0.391809 0.952236 0.525058
0.262887 3.837007 0.620909 0.762989
0.380256 0.306695 1.592770 3.006392
0.506675 1.079348 0.733771 0.276284
0.136596 0.787832 1.331513 1.134046
0.109871 2.724737 0.789130 3.375731
0.553663 0.431893 1.230530 0.868172
0.418969 1.536567 0.667795 1.390144
0.244693 0.553404 1.472003 0.341521
0.196437 1.354861 1.129132 0.496197
0.338078 0.868573 0.861201 1.955508
0.472896 3.057259 1.907725 0.604049
0.061747 0.278138 0.514555 2.479013
0.058094 1.749928 1.093461 0.542459
0.471314 0.687210 0.852166 2.114262
0.336624 2.194228 1.847257 0.392822
0.192912 0.379230 0.509209 1.595178
0.242067 3.481292 0.780938 1.097552
0.418414 0.345435 1.191536 0.279346
0.553236 1.090946 0.660791 3.039760
0.107373 0.762754 1.425504 0.738430
0.138010 2.471196 0.600834 0.352730
0.510224 0.486632 1.575123 1.375466
0.383933 1.553538 0.710095 0.859017
0.264428 0.535630 1.316681 3.486499
0.215158 1.229271 1.716508 2.400082
0.302019 0.978275 0.550625 0.610559
0.428442 3.090075 1.016001 1.976559
0.088863 0.269287 0.921456 0.480402
0.066540 2.937679 1.640442 3.297530
0.447060 0.289460 0.625750 0.810049
0.312367 1.301878 1.371225 1.000852
0.201360 0.903919 0.739510 0.257423
0.282639 1.476353 0.573432 0.358214
0.361012 0.575974 1.787605 1.469978
0.495828 2.617942 0.959663 0.588462
0.147951 0.449512 1.058128 2.319309
0.129626 1.037137 0.892286 1.802415
0.534417 0.819890 1.144941 0.442699
0.408124 3.686938 0.533206 2.603605
0.256046 0.319181 1.934309 0.669777
0.174643 2.085224 1.247680 0.931865
0.359363 0.407795 0.817735 3.824631
0.485780 1.853833 1.492609 0.321654
0.048354 0.634788 0.691897 1.267509
0.037930 2.349262 0.736109 2.194643
0.475677 0.354206 1.335331 0.558433
0.349130 1.794104 0.615172 1.520200
0.164603 0.670284 1.578556 0.369386
0.245880 1.168251 1.028949 0.271310
0.397765 0.712275 0.954037 1.057532
0.524442 3.569991 1.722643 0.785413
0.119330 0.336855 0.564454 3.189146
0.158182 1.663556 1.904829 1.200395
0.505870 0.500204 0.513610 0.305396
0.371434 2.534046 1.137746 3.951953
0.292745 0.474563 0.868046 0.960440
0.211336 3.308538 0.665625 0.705311
0.322661 0.251507 1.467748 2.749656
0.457228 1.260359 0.796530 0.429599
0.076897 0.954143 1.241624 1.744059
0.094823 1.384442 0.534890 0.716703
0.434592 0.850016 1.983747 2.940830
0.308044 2.991560 0.904048 0.294119
0.221499 0.284246 1.184934 1.159309
0.270643 2.784576 1.528631 1.647996
0.389831 0.422611 0.693235 0.404938
0.516503 1.503736 1.293072 2.002638
0.144099 0.565486 0.829535 0.514955
0.101350 3.921438 1.398266 0.465715
0.546893 0.300091 0.770801 1.911909
0.412456 1.056331 1.652884 0.643609
0.235915 0.804998 0.644138 2.535558
0.186631 1.971489 0.998964 3.606208
0.330537 0.596910 1.077404 0.885662
0.465098 2.123554 0.591060 1.301305
0.052198 0.400432 1.803841 0.334789
0.054987 3.600667 0.553709 1.854741
0.457719 0.326828 1.689706 0.477144
0.331318 1.156537 0.937024 2.571687
0.181261 0.735247 1.010686 0.631554
0.231054 1.810441 1.550529 0.898230
0.413746 0.650004 0.604199 3.538866
0.540024 2.325304 1.309793 0.324759
0.104649 0.365690 0.722091 1.333318
0.143350 1.274849 1.210436 2.867934
0.521842 0.923082 0.776588 0.737427
0.387010 3.267057 1.433001 1.182425
0.278054 0.260278 0.649812 0.290530
0.228400 2.563624 0.847420 0.412998
0.304713 0.459038 1.110806 1.627946
0.439421 1.641862 0.500749 0.502171
0.093564 0.517911 1.856973 2.060626
0.080196 1.519198 0.813180 0.299373
0.450359 0.547739 1.267470 1.215435
0.323952 2.759506 0.680401 0.985015
0.206475 0.435788 1.500459 3.840256
0.287374 3.021795 1.163102 2.820143
0.372216 0.275371 0.887317 0.685345
0.498491 1.372677 1.944482 1.709746
0.160971 0.876075 0.524346 0.434960
0.118071 2.151566 1.759694 0.550690
0.529271 0.386750 0.576643 2.236122
0.394434 1.948785 1.052593 0.380714
0.252781 0.617084 0.975877 1.484013
0.172014 1.069721 0.629255 1.089989
0.346310 0.777887 1.614829 0.264845
0.481016 3.876947 0.752004 3.145009
0.037180 0.310183 1.364052 0.800235
0.043525 1.129537 1.459081 0.449209
0.487039 0.752823 0.676413 1.770254
0.352463 3.367472 1.221409 0.649382
0.177974 0.349459 0.800449 2.665399
0.258867 2.270704 0.521935 3.708389
0.400713 0.374483 1.893581 0.953925
0.535166 1.692998 0.872317 1.286223
0.124287 0.695097 1.119223 0.315897
0.154820 3.190199 0.938822 0.825752
0.492529 0.266547 1.035061 3.254657
0.365873 1.192103 0.561691 0.251160
0.281349 0.987164 1.751152 1.030704
0.200579 1.603605 1.343263 1.434268
0.317738 0.530270 0.724369 0.368885
0.444271 2.397687 1.604680 2.364353
0.073919 0.490802 0.612160 0.580791
0.083524 2.706031 1.083803 1.409533
0.429191 0.444403 0.983032 0.342571
0.294609 1.426601 1.833693 3.420799
0.217979 0.583286 0.588166 0.870179
0.267759 1.345911 0.758508 0.599025
0.377032 0.893491 1.406570 2.431388
0.511483 2.837250 0.640984 0.492278
0.133181 0.293285 1.680238 1.919719
0.114751 1.910710 0.704471 2.180996
0.550447 0.629380 1.519605 0.529802
0.423785 2.020075 0.833617 1.571771
0.241286 0.411926 1.272020 0.400032
0.191621 3.801968 1.972034 0.275240
0.341485 0.316301 0.543559 1.117729
0.468015 1.004565 1.165643 0.761719
0.064963 0.828336 0.908496 2.968909
0.065568 3.816708 1.006081 2.076550
0.468557 0.315078 0.932420 0.509921
0.341899 1.006078 1.683681 1.633054
0.192099 0.827096 0.551933 0.420153
0.240871 1.898184 0.719536 0.285970
0.423307 0.633536 1.305571 1.173954
0.549841 2.000720 0.601437 0.725237
0.114210 0.415908 1.542951 2.857512
0.132766 1.347480 0.650364 1.342943
0.511005 0.892455 1.433702 0.329939
0.376427 2.849210 0.778021 3.551761
0.267218 0.292052 1.213105 0.913326
0.218584 2.681015 1.860447 0.621954
0.295150 0.448548 0.501845 2.551961
0.429606 1.416771 1.111731 0.469019
0.084002 0.587337 0.847857 1.848944
0.073441 1.601670 1.493109 0.795307
0.443856 0.530909 0.677313 3.100876
0.317196 2.387521 1.263425 0.263615
0.199973 0.492895 0.810294 1.070160
0.281891 3.220104 0.522659 1.505390
0.366479 0.264073 1.937609 0.383008
0.493007 1.200425 0.882984 2.277168
0.155234 0.980314 1.157791 0.553352
0.124829 2.261839 0.976370 0.432356
0.535772 0.375952 1.053503 1.685473
0.401191 1.690380 0.577924 0.682046
0.259282 0.696169 1.762968 2.769301
0.177496 1.137039 1.367045 3.894904
0.352048 0.747853 0.753416 0.991116
0.486497 3.400193 1.615670 1.237958
0.042919 0.346098 0.629782 0.300770
0.036766 1.077187 0.796798 0.571769
0.480538 0.772490 1.215453 2.347012
0.345704 3.913292 0.674025 0.362726
0.171472 0.307303 1.454394 1.429302
0.253387 2.142445 1.115244 1.038496
0.394976 0.388399 0.869528 0.255079
0.529686 1.946432 1.884975 3.265412
0.118549 0.617828 0.519375 0.839915
0.161577 3.051159 1.752630 0.311043
0.499033 0.272723 0.561986 1.276576
0.372630 1.381792 1.037009 0.937838
0.287852 0.870292 0.940886 3.696163
0.206061 1.516848 0.613296 2.685088
0.323474 0.548584 1.608236 0.659626
0.449753 2.748735 0.724991 1.776409
0.079654 0.437497 1.343935 0.456838
0.094106 2.539059 0.585288 3.012177
0.440027 0.463476 1.825301 0.766177
0.305191 1.631100 0.979858 1.138056
0.228814 0.521330 1.079962 0.276618
0.277576 1.276770 1.674857 0.397503
0.386596 0.921699 0.638702 1.549981
0.521300 3.279720 1.399667 0.527431
0.142744 0.259272 0.755056 2.140952
0.104171 1.797967 1.272670 1.946713
0.539610 0.654517 0.834307 0.495412
0.413205 2.303805 1.522924 2.476856
0.230448 0.369102 0.705785 0.601717
0.181802 3.615843 0.910504 0.865112
0.331924 0.325454 1.167799 3.371655
0.458197 1.157886 0.543827 0.340865
0.055401 0.734393 1.973719 1.384359
0.052612 1.963118 0.510151 0.489140
0.465576 0.599451 1.851341 1.986453
0.331143 2.120999 0.852894 0.619457
0.187173 0.400916 1.094002 2.414133
0.235309 3.948836 1.426685 3.470898
0.411914 0.298011 0.661128 0.843243
0.546478 1.066229 1.193759 1.366765
0.100872 0.797521 0.782643 0.347840
0.143493 2.780288 1.311993 0.752240
0.515961 0.423266 0.707821 3.053418
0.389416 1.497860 1.567955 0.283274
0.270165 0.567702 0.597884 1.104541
0.221914 1.397886 0.917238 1.587238
0.308522 0.841835 1.011030 0.385806
0.435198 3.011437 0.548673 2.101950
0.095365 0.282371 1.710967 0.534667
0.076355 3.313501 0.741149 1.246347
0.456622 0.251129 1.373770 0.320541
0.322183 1.265250 0.626063 3.765225
0.210922 0.950459 1.641853 0.925029
0.293223 1.647627 1.058686 0.671989
0.371849 0.505044 0.960473 2.648263
0.506412 2.517426 1.791538 0.446046
0.158788 0.477694 0.574511 1.830542
0.119808 1.173183 1.928125 2.280194
0.524857 0.709285 0.531310 0.586523
0.398306 3.574141 1.139328 1.447394
0.246486 0.336462 0.888230 0.355527
0.164062 2.333061 0.688523 0.258317
0.348525 0.356664 1.485801 1.017849
0.475199 1.777524 0.815107 0.816034
0.037515 0.676539 1.243277 3.349546
0.047748 2.071546 1.581517 1.735965
0.485238 0.410486 0.616522 0.421783
0.358949 1.836082 1.336451 2.732718
0.174165 0.640929 0.736492 0.695415
0.256461 1.041162 0.564943 0.978071
0.408602 0.816724 1.723513 3.971053
0.535023 3.692466 0.955812 0.309794
0.130167 0.318701 1.031234 1.207630
0.148366 1.462710 0.864978 3.173801
0.496306 0.581348 1.134085 0.771252
0.361618 2.599887 0.511265 1.051199
0.283181 0.452631 1.895528 0.267458
0.200754 2.941092 1.235986 0.376232
0.311826 0.289123 0.792629 1.527292
0.446645 1.307375 1.462538 0.566379
0.066062 0.900125 0.663500 2.208238
0.089341 1.240789 1.187528 0.335839
0.428857 0.969190 0.905740 1.323853
0.302561 3.111666 1.984770 0.892507
0.215764 0.267421 0.535335 3.661853
0.263887 2.468224 0.829942 2.493640
0.383327 0.487220 1.294169 0.641271
0.509746 1.546941 0.694764 1.881899
0.137595 0.537911 1.531451 0.462378
0.106831 3.504426 0.642062 0.516831
0.552630 0.343156 1.647032 2.036299
0.417936 1.101539 0.767034 0.407862
0.241652 0.755414 1.391873 1.674279
0.193390 1.743089 1.794976 1.139568
0.337038 0.689903 0.588367 0.293200
0.471856 2.190850 1.073948 2.896132
0.058700 0.379817 0.995402 0.711204
0.061142 1.367962 1.776193 3.545523
0.472354 0.860251 0.569771 0.902022
0.337664 3.077447 1.062774 1.337977
0.195959 0.276315 0.963877 0.325165
0.245107 2.720652 0.621726 0.477579
0.419447 0.432543 1.629892 1.861851
0.554268 1.530625 0.742785 0.634435
0.110413 0.555549 1.377296 2.575655
0.137010 3.863646 0.820768 1.620555
0.507153 0.304582 1.252308 0.412362
0.380861 1.089414 0.687014 2.058747
0.263429 0.780547 1.482074 0.500253
0.214149 1.921338 1.149231 0.734860
0.298939 0.612487 0.895629 2.864348
0.425362 2.167765 1.920564 0.289985
0.087854 0.392267 0.529417 1.177456
0.069587 2.283311 1.196000 0.687768
0.448099 0.364435 0.783864 2.823552
0.313407 1.816639 1.415375 0.435797
0.204407 0.661973 0.656096 1.716891
0.285680 1.147922 0.855327 1.220927
0.362045 0.724893 1.097517 0.299847
0.496861 3.652016 0.505615 3.843599
0.150992 0.329287 1.834219 0.988832
0.128626 1.612218 0.547083 0.264615
0.531346 0.516135 1.705468 1.085781
0.405053 2.572385 0.925536 0.796635
0.255047 0.467488 1.020499 3.140032
0.173634 3.242707 1.565067 2.231827
0.356283 0.256612 0.596998 0.548398
0.482700 1.293038 1.322462 1.478785
0.047345 0.930034 0.713212 0.380254
0.041002 2.877765 0.695806 0.955362
0.476678 0.295485 1.534300 3.725440
0.350131 1.335860 0.823675 0.317150
0.167676 0.880930 1.283937 1.287227
0.248960 1.431519 1.991199 1.772234
0.398772 0.594016 0.536899 0.450839
0.525450 2.657100 1.176520 2.676750
0.122409 0.442886 0.897628 0.650579
0.157142 1.018917 1.070515 0.367321
0.502821 0.834555 0.992577 1.431627
0.368386 3.773562 1.811753 0.580142
0.291704 0.311852 0.593652 2.355811
0.210305 2.027027 0.765845 3.241799
0.319622 0.419501 1.389275 0.825109
0.454188 1.876167 0.646994 1.029155
0.075866 0.627234 1.660212 0.250010
0.097896 1.705701 0.947902 2.440927
0.435593 0.705025 1.022333 0.599518
0.309044 2.238774 0.566957 1.922529
0.224572 0.371686 1.730281 0.494562
0.273723 3.429408 1.326794 0.344044
0.390838 0.350663 0.731402 1.412073
0.517510 1.125684 1.585480 0.871189
0.147178 0.739212 0.617871 3.433060
0.100310 2.415694 1.473261 1.116431
0.543844 0.497815 0.668125 0.274257
0.409407 1.581049 1.232806 2.956197
0.234875 0.526307 0.790874 0.760348
0.185600 1.214021 0.515515 0.529028
0.327498 0.990558 1.911892 2.170922
0.462058 3.179330 0.861914 0.398469
0.051167 0.261729 1.129708 1.570479
0.056027 2.623397 0.881645 0.279566
0.460767 0.458398 1.155668 1.101899
0.334366 1.447701 0.526647 0.741829
0.182301 0.574787 1.953013 3.044322
0.232085 1.318691 1.259322 2.118150
0.416786 0.911939 0.807952 0.544772
0.543063 2.911786 1.507114 1.600955
0.105681 0.285776 0.683419 0.393264
0.140277 1.857708 1.620814 0.608357
0.520841 0.647340 0.631587 2.397385
0.386009 2.044748 1.354414 0.479520
0.274982 0.406953 0.746691 1.968169
0.225320 3.734527 0.578808 1.369163
0.303705 0.322011 1.766301 0.352202
0.438414 1.027999 0.968945 3.483763
0.090485 0.809458 1.045117 0.855627
0.081237 1.112509 0.606467 1.476807
0.453407 0.764342 1.556351 0.358737
0.327000 3.474131 0.716963 2.321229
0.207516 0.338732 1.300490 0.590768
0.288405 2.213702 1.695970 0.812948
0.375255 0.384128 0.555761 3.301376
0.501530 1.727651 1.003545 0.257885
0.162002 0.681151 0.930403 1.005162
0.114999 3.151172 1.103664 3.817769
0.528271 0.269850 0.841972 0.927870
0.393433 1.226737 1.865209 1.262990
0.249709 0.959288 0.502970 0.321279
0.168935 1.567315 0.771624 0.442333
0.345302 0.542545 1.202699 1.795380
0.480008 2.439747 0.652663 0.666679
0.034101 0.482343 1.439289 2.599815
0.044524 1.484566 1.411790 1.058850
0.490111 0.560514 0.761323 0.272259
0.355534 2.809342 1.668380 3.202592
0.178973 0.428060 0.636461 0.786895
0.259876 2.985335 0.986716 0.559298
0.403793 0.278736 1.087865 2.204640
0.538247 1.411840 0.583988 0.370804
0.125295 0.851769 1.820667 1.521579
0.151773 2.096491 0.540088 2.739141
0.491490 0.396912 1.959441 0.704672
0.364834 1.989010 0.912484 1.741363
0.278301 0.604601 1.170759 0.427650
0.197538 1.054129 1.509829 0.304114
0.316706 0.789389 0.699939 1.198133
0.443238 3.999069 1.277650 0.959244
0.070878 0.300712 0.837307 3.938176
0.084523 3.538590 1.881400 0.406628
0.432263 0.332559 0.518577 1.651175
0.297680 1.183316 1.124177 0.515575
0.218978 0.718612 0.876178 2.009732
0.268768 1.759328 0.672093 2.952244
0.380112 0.668891 1.449764 0.717323
0.514564 2.354101 0.803963 1.161153
0.134189 0.361215 1.226770 0.295446
0.111704 1.249279 0.727084 0.884256
0.549408 0.941980 1.348297 3.590005
0.422745 3.351181 0.607812 0.333494
0.238238 0.253743 1.593280 1.300181
0.188580 2.484917 1.038901 1.909609
0.340453 0.473575 0.942305 0.464072
0.466983 1.666994 1.738794 2.525022
0.061922 0.510105 0.557727 0.642370
0.063887 1.673111 0.759396 1.510756
0.466668 0.507894 1.407710 0.372208
0.340249 2.500777 0.634620 2.184700
0.190178 0.470254 1.664153 0.560226
0.238442 3.327646 1.084750 0.779711
0.421148 0.255366 0.984203 3.208182
0.547443 1.243879 1.816025 0.270346
0.112019 0.945428 0.582314 1.062766
0.134385 2.369537 1.965089 3.928639
0.512958 0.358623 0.541450 0.967426
0.378140 1.766080 1.173714 1.194530
0.269075 0.665879 0.915116 0.306474
0.220951 1.177997 0.701722 0.426327
0.297373 0.721361 1.514157 1.755030
0.432067 3.513151 0.839709 0.703026
0.086129 0.334743 1.280909 2.762264
0.071312 3.970455 0.517085 0.296364
0.441394 0.302672 1.876662 1.152114
0.314973 1.049443 0.873974 0.719000
0.197606 0.792382 1.120946 2.927522
0.280034 1.996575 1.446076 2.014603
0.364766 0.601908 0.670171 0.511214
0.491056 2.110132 1.223264 1.656161
0.153617 0.394077 0.801919 0.403497
0.127020 1.405800 1.351722 0.648287
0.538171 0.854853 0.729193 2.520613
0.403351 2.964489 1.597898 0.467357
0.261713 0.280506 0.609354 1.902578
0.179416 2.827146 0.945014 1.309499
0.353697 0.425074 1.041557 0.332238
0.488386 1.489954 0.559151 3.622763
0.044600 0.558109 1.743788 0.882787
0.034559 2.455655 1.152736 0.389971
0.478156 0.478894 0.879129 1.604704
0.343593 1.573255 1.947436 0.540530
0.168995 0.540133 0.525310 2.124721
0.251418 1.221268 0.805626 3.020868
0.393374 0.962933 1.256148 0.744068
0.527813 3.128667 0.681695 1.092583
0.116851 0.271606 1.502771 0.280244
0.163720 1.733909 0.633404 0.852473
0.501479 0.678238 1.624962 3.508423
0.374805 2.227748 0.748604 0.351588
0.290266 0.381444 1.358314 1.381777
0.207966 3.449898 1.770774 1.964904
0.325140 0.340878 0.580483 0.483898
0.451690 1.107741 1.048143 2.388349
0.081288 0.767119 0.971402 0.612714
0.092473 1.023542 1.551882 1.006834
0.438091 0.812428 0.604918 0.255553
0.303526 3.708350 1.297171 3.313860
0.226910 0.324067 0.714906 0.807164
0.275161 2.057826 0.554356 0.592953
0.384420 0.404096 1.691073 2.304907
0.518853 1.864500 0.927719 0.359364
0.140600 0.644540 1.001010 1.463330
0.105868 2.890875 0.844115 2.619991
0.541482 0.287649 1.106825 0.664672
0.414806 1.312753 0.504409 1.810694
0.232416 0.915441 1.869952 0.441264
0.184281 1.453246 1.206175 0.323993
0.334036 0.572206 0.773576 1.260042
0.460580 2.640620 1.442926 0.935148
0.057609 0.455102 0.654548 3.805956
0.050198 3.165714 1.538177 0.652598
0.463401 0.262675 0.697815 2.655904
0.328697 1.205549 1.287648 0.451894
0.185030 0.996853 0.825759 1.757399
0.233675 1.591077 0.538435 1.290350
0.409977 0.522639 1.996262 0.314468
0.544813 2.424450 0.899913 3.736680
0.098967 0.495677 1.179889 0.948003
0.145971 1.117636 0.989713 0.252314
0.518072 0.744032 1.067811 1.027361
0.391798 3.414147 0.592151 0.830948
0.272372 0.351991 1.806522 3.229854
0.223611 2.247277 1.385729 2.372688
0.310395 0.370028 0.763648 0.577954
0.436800 1.716809 1.655445 1.444694
0.097334 0.699992 0.645341 0.366712
0.074388 1.888459 1.025293 3.408630
0.455021 0.622729 0.950305 0.874485
0.320311 2.034818 1.734663 1.399305
0.209225 0.417613 0.568597 0.344616
0.291015 3.756621 0.733276 0.490048
0.369466 0.313047 1.330615 1.925890
0.504299 1.011586 0.619648 0.595302
0.156309 0.840031 1.589537 2.449949
0.121712 2.666863 0.666439 1.566681
0.526522 0.440968 1.469015 0.401868
0.400242 1.440649 0.788597 2.164386
0.248119 0.589846 1.229699 0.533133
0.166206 1.326472 1.906433 0.757994
0.350972 0.886558 0.514206 2.979390
0.477375 2.865340 1.126843 0.273617
0.039930 0.296568 0.859455 1.125860
0.045891 1.283746 0.571226 2.579933
0.483525 0.936123 1.781293 0.628696
0.356996 3.228123 0.966647 1.868896
0.172547 0.257598 1.065490 0.474183
0.254334 2.582251 1.634615 0.326369
0.406140 0.465391 0.623303 1.328572
0.532800 1.622794 1.380795 0.903595
0.127801 0.512421 0.744940 3.513159
0.150287 3.636202 1.248728 1.186596
0.497956 0.330497 0.818682 0.289112
0.363507 1.139870 1.478303 2.888774
0.284863 0.729519 0.685048 0.733081
0.202945 1.828249 0.893376 0.504477
0.314223 0.657322 1.145928 2.053936
0.448804 2.291672 0.527894 0.415598
0.068492 0.362861 1.915728 1.615544
0.086910 2.175604 0.786113 0.980552
0.426697 0.390588 1.199051 3.852590
0.300162 1.933541 0.657768 0.297513
0.213572 0.608210 1.419432 1.224717
0.262206 1.081821 1.100288 1.703668
0.381439 0.785497 0.857795 0.437113
0.508097 3.847067 1.839506 2.799672
0.135675 0.305687 0.506890 0.689435
0.109198 1.540613 1.701120 0.378853
0.554854 0.551579 0.545515 1.489256
0.420399 2.730950 1.017577 0.547442
0.243780 0.430617 0.923179 2.252383
0.195007 3.063712 0.595271 3.134816
0.338990 0.277363 1.561101 0.803906
0.473569 1.358199 0.711407 1.081691
0.060556 0.865855 1.318640 0.266511
0.059014 2.198889 0.614757 1.211247
0.469892 0.378171 1.577489 0.307401
0.335441 1.754215 0.734614 3.980606
0.193593 0.685065 1.332620 0.969780
0.243250 1.093804 1.719150 0.697028
0.417733 0.760245 0.563310 2.709786
0.552316 3.489278 1.028251 0.423083
0.108795 0.344412 0.953390 1.722409
0.139201 1.557084 1.136975 2.228442
0.509551 0.534050 0.867458 0.565453
0.383020 2.477697 1.900967 1.538266
0.265859 0.485025 0.512569 0.374821
0.216070 3.097680 0.794914 0.269357
0.300589 0.268444 1.239103 1.047347
0.427251 1.231868 0.665175 0.778376
0.089536 0.975554 1.466757 3.168336
0.067907 1.298020 0.903436 0.459117
0.446211 0.905990 1.184130 1.888815
0.311758 2.928019 0.533805 0.635405
0.202487 0.290220 1.979725 2.497947
0.283249 2.609775 1.290447 3.628667
0.359885 0.450615 0.827852 0.893972
0.494462 1.472227 1.527599 1.314405
0.148800 0.577195 0.692767 0.337102
0.130243 3.676671 1.651766 0.709560
0.533298 0.319855 0.643703 2.920651
0.406765 1.033891 1.395427 0.292298
0.256903 0.821910 0.769237 1.148533
0.176002 1.847718 0.589862 1.669275
0.358507 0.636459 1.800183 0.411036
0.485163 2.079066 0.998287 2.031417
0.049473 0.408725 1.076673 0.521251
0.039368 1.789112 1.846010 0.348440
0.474741 0.671701 0.508865 1.354261
0.348465 2.341904 1.091242 0.846346
0.165771 0.355078 0.850436 3.446426
0.246546 3.558208 0.659451 2.423215
0.396597 0.337740 1.422614 0.615038
0.523004 1.164804 0.780408 1.989711
0.120266 0.713901 1.190728 0.484705
0.158839 2.526543 0.709613 0.538874
0.504694 0.475652 1.315789 2.095495
0.369988 1.658082 0.599616 0.389072
0.293673 0.501515 1.571930 1.583563
0.212783 1.256425 1.013939 1.113984
0.321733 0.956481 0.919585 0.282594
0.456570 3.299300 1.715349 3.077186
0.078073 0.252042 0.550253 0.749993
0.095688 2.998382 1.370296 1.815022
0.433210 0.283407 0.739009 0.447118
0.306932 1.388087 1.637117 2.627812
0.222093 0.847212 0.624481 0.674005
0.271755 1.507440 0.957715 0.917809
0.389237 0.563716 1.055981 3.776835
0.515638 2.790454 0.573044 0.317850
0.145481 0.421435 1.786399 1.249236
0.102454 1.058572 0.532845 3.337000
0.546291 0.802747 1.933003 0.821898
0.411583 3.931055 0.890475 1.016180
0.237289 0.299155 1.142618 0.260680
0.187504 2.129122 1.489583 0.354915
0.329163 0.399115 0.690494 1.460756
0.463994 1.976007 1.246834 0.584375
0.052800 0.595140 0.817180 2.296388
0.054059 1.152927 1.218930 0.833994
0.459165 0.737048 0.798824 3.277422
0.332493 3.590613 1.458097 0.252745
0.180603 0.327522 0.675956 1.040287
0.229879 2.318418 0.871726 1.416344
0.414404 0.366529 1.118465 0.363320
0.540952 1.804484 0.520876 2.330268
0.103203 0.651706 1.889743 0.573921
0.142182 3.256270 0.560552 0.455780
0.522507 0.260963 1.747602 1.791443
0.387946 1.271088 0.938185 0.657600
0.276616 0.925189 1.034359 2.706219
0.227464 1.637296 1.603597 3.685126
0.306151 0.519005 0.611747 0.945138
0.440588 2.555593 1.340537 1.273512
0.092899 0.460168 0.722898 0.313703
0.078821 2.766744 1.829976 2.147372
0.451231 0.434355 0.586974 0.523359
0.324554 1.522678 1.083069 1.553705
0.205372 0.546116 0.982365 0.394132
0.286772 1.375588 0.640551 0.277259
0.373319 0.873627 1.679103 1.128502
0.499866 3.029208 0.756968 0.768541
0.160099 0.274512 1.403716 2.988664
0.117477 1.953585 0.831925 1.397021
0.530383 0.615153 1.269438 0.340306
0.395816 2.156108 0.703995 3.395889
0.251917 0.385673 1.518579 0.861871
0.170632 3.885789 1.164853 0.605990
0.347174 0.309267 0.907880 2.467788
0.481610 1.072537 1.968036 0.499986
0.036069 0.775321 0.542457 1.943355
0.042094 3.375757 0.935122 2.833292
0.487952 0.348364 1.008634 0.726980
0.353136 1.131925 0.553335 1.164886
0.176782 0.750728 1.688565 0.286827
0.258194 1.696864 1.308905 0.416873
0.401905 0.693046 0.721602 1.638085
0.536597 2.276676 1.547385 0.505641
0.123374 0.373247 0.602974 2.081368
0.154139 1.195226 1.430096 1.842015
0.493713 0.983915 0.648495 0.472388
0.367296 3.197516 1.209615 2.547781
0.280428 0.265758 0.776062 0.627645
0.199156 2.402779 0.500411 0.911755
0.318659 0.489432 1.855718 3.584559
0.444952 1.607534 0.845700 0.328730
0.072735 0.528615 1.108550 1.352478
0.082667 1.421895 0.679022 0.554307
0.430550 0.584822 1.497417 2.256340
0.295728 2.698041 0.812629 0.384416
0.217361 0.445416 1.266611 1.494772
0.266640 2.829350 1.943168 1.074184
0.377650 0.293904 0.523993 0.261734
0.512340 1.341698 1.160741 3.105969
0.131822 0.895693 0.885515 0.788098
0.113624 2.013776 1.050456 0.303135
0.551056 0.412936 0.973896 1.234154
0.424634 1.905369 1.758505 0.999508
0.239919 0.630716 0.576254 3.885894
0.190772 1.001588 0.751495 2.792982
0.342851 0.830235 1.363127 0.680412
0.469143 3.789470 0.627979 1.698589
0.064353 0.317130 1.611555 0.431063
